return
{
vertex_count = 8304,
	vertex =
	{
		{
		1010.12,-255.863,-750,255,255,255,0.042351,0.100592,0,0.707108,-0.707105,-1.53223e-006,0.707105,0.707108,1,1.08345e-006,1.08345e-006,
		},
		{
		1013.46,-252.53,-746.667,255,255,255,0.0511531,0.109394,0,0.707108,-0.707105,-1.53223e-006,0.707105,0.707108,1,1.08345e-006,1.08345e-006,
		},
		{
		1013.46,-252.53,-746.667,255,255,255,0.0511531,0.109394,0,0.707108,-0.707105,0,0.707105,0.707108,1,-0,0,
		},
		{
		1310.12,-255.863,-750,255,255,255,0.042351,0.892868,0,0.707108,-0.707105,0,0.707105,0.707108,1,-0,0,
		},
		{
		1306.79,-252.53,-746.667,255,255,255,0.0511531,0.884066,0,0.707108,-0.707105,0,0.707105,0.707108,1,-0,0,
		},
		{
		1013.46,-252.53,-746.667,255,255,255,0.0511531,0.109394,-0.7071,0.707114,-0,-3.01195e-007,-3.01189e-007,1,0.707114,0.7071,4.2595e-007,
		},
		{
		1010.12,-255.863,-750,255,255,255,0.042351,0.100592,-0.7071,0.707114,-0,-3.01195e-007,-3.01189e-007,1,0.707114,0.7071,4.2595e-007,
		},
		{
		1010.12,-255.863,-450,255,255,255,0.834623,0.100592,-0.7071,0.707114,-0,-7.71919e-008,-7.71904e-008,1,0.707114,0.7071,1.09165e-007,
		},
		{
		1013.46,-252.53,-746.667,255,255,255,0.0511531,0.109394,-0.7071,0.707114,-0,-7.71919e-008,-7.71904e-008,1,0.707114,0.7071,1.09165e-007,
		},
		{
		1013.46,-252.53,-453.333,255,255,255,0.825821,0.109394,-0.7071,0.707114,-0,-7.71919e-008,-7.71904e-008,1,0.707114,0.7071,1.09165e-007,
		},
		{
		1310.12,-255.863,-750,255,255,255,0.042351,0.892868,0.7071,0.707114,-0,-1.03445e-007,1.03443e-007,1,0.707114,-0.7071,1.46292e-007,
		},
		{
		1013.46,-252.53,-746.667,255,255,255,0.0511531,0.109394,0,1,-0,-7.69418e-008,0,1,1,-0,7.69418e-008,
		},
		{
		1306.79,-252.53,-746.667,255,255,255,0.0511531,0.884066,0.7071,0.707114,-0,-1.03445e-007,1.03443e-007,1,0.707114,-0.7071,1.46292e-007,
		},
		{
		1306.79,-252.53,-746.667,255,255,255,0.0511531,0.884066,0.7071,0.707114,-0,-6.73245e-008,6.73232e-008,1,0.707114,-0.7071,9.52103e-008,
		},
		{
		1310.12,-255.863,-450,255,255,255,0.834623,0.892869,0.7071,0.707114,-0,-6.73245e-008,6.73232e-008,1,0.707114,-0.7071,9.52103e-008,
		},
		{
		1306.79,-252.53,-453.333,255,255,255,0.825821,0.884066,0.7071,0.707114,-0,-6.73245e-008,6.73232e-008,1,0.707114,-0.7071,9.52103e-008,
		},
		{
		1306.79,-252.53,-453.333,255,255,255,0.825821,0.884066,0,0.707102,0.707112,-1.67153e-005,-0.707112,0.707102,1,-1.18196e-005,1.18194e-005,
		},
		{
		1010.12,-255.863,-450,255,255,255,0.834623,0.100592,0,0.707102,0.707112,-1.67153e-005,-0.707112,0.707102,1,-1.18196e-005,1.18194e-005,
		},
		{
		1013.46,-252.53,-453.333,255,255,255,0.825821,0.109394,0,0.707102,0.707112,-1.67153e-005,-0.707112,0.707102,1,-1.18196e-005,1.18194e-005,
		},
		{
		1310.12,-255.863,-450,255,255,255,0.834623,0.892869,0,0.707102,0.707112,-2.29836e-006,-0.707112,0.707102,1,-1.6252e-006,1.62518e-006,
		},
		{
		1010.12,-255.863,-450,255,255,255,0.834623,0.100592,0,0.707102,0.707112,-2.29836e-006,-0.707112,0.707102,1,-1.6252e-006,1.62518e-006,
		},
		{
		1306.79,-252.53,-453.333,255,255,255,0.825821,0.884066,0,0.707102,0.707112,-2.29836e-006,-0.707112,0.707102,1,-1.6252e-006,1.62518e-006,
		},
		{
		1310.12,-255.863,-750,255,255,255,0.042351,0.892868,0,0.707108,-0.707105,-1.53223e-006,0.707105,0.707108,1,1.08345e-006,1.08345e-006,
		},
		{
		1306.79,-252.53,-746.667,255,255,255,0.0511531,0.884066,0,1,-0,-7.69418e-008,0,1,1,-0,7.69418e-008,
		},
		{
		1010.12,-255.863,-450,255,255,255,0.834623,0.100592,-0.7071,0.707114,-0,-3.01195e-007,-3.01189e-007,1,0.707114,0.7071,4.2595e-007,
		},
		{
		1013.46,-252.53,-453.333,255,255,255,0.825821,0.109394,0,1,-0,-7.69418e-008,0,1,1,-0,7.69418e-008,
		},
		{
		1310.12,-255.863,-450,255,255,255,0.834623,0.892869,0.7071,0.707114,-0,-1.03445e-007,1.03443e-007,1,0.707114,-0.7071,1.46292e-007,
		},
		{
		1306.79,-252.53,-453.333,255,255,255,0.825821,0.884066,0,1,-0,-6.7324e-008,0,1,1,-0,6.7324e-008,
		},
		{
		1306.79,-252.53,-746.667,255,255,255,0.0511531,0.884066,0,1,-0,-6.7324e-008,0,1,1,-0,6.7324e-008,
		},
		{
		1013.46,-252.53,-453.333,255,255,255,0.825821,0.109394,0,1,-0,-6.7324e-008,0,1,1,-0,6.7324e-008,
		},
		{
		710.123,-255.863,-750,255,255,255,0.042351,0.100592,0,0.707108,-0.707105,-1.53223e-006,0.707105,0.707108,1,1.08345e-006,1.08345e-006,
		},
		{
		713.456,-252.53,-746.667,255,255,255,0.0511531,0.109394,0,0.707108,-0.707105,-1.53223e-006,0.707105,0.707108,1,1.08345e-006,1.08345e-006,
		},
		{
		713.456,-252.53,-746.667,255,255,255,0.0511531,0.109394,0,0.707108,-0.707105,0,0.707105,0.707108,1,-0,0,
		},
		{
		1010.12,-255.863,-750,255,255,255,0.042351,0.892868,0,0.707108,-0.707105,0,0.707105,0.707108,1,-0,0,
		},
		{
		1006.79,-252.53,-746.667,255,255,255,0.0511531,0.884066,0,0.707108,-0.707105,0,0.707105,0.707108,1,-0,0,
		},
		{
		713.456,-252.53,-746.667,255,255,255,0.0511531,0.109394,-0.707106,0.707108,-0,-3.01193e-007,-3.01192e-007,1,0.707108,0.707106,4.2595e-007,
		},
		{
		710.123,-255.863,-750,255,255,255,0.042351,0.100592,-0.707106,0.707108,-0,-3.01193e-007,-3.01192e-007,1,0.707108,0.707106,4.2595e-007,
		},
		{
		710.123,-255.863,-450,255,255,255,0.834623,0.100592,-0.707106,0.707108,-0,-7.71913e-008,-7.7191e-008,1,0.707108,0.707106,1.09165e-007,
		},
		{
		713.456,-252.53,-746.667,255,255,255,0.0511531,0.109394,-0.707106,0.707108,-0,-7.71913e-008,-7.7191e-008,1,0.707108,0.707106,1.09165e-007,
		},
		{
		713.456,-252.53,-453.333,255,255,255,0.825821,0.109394,-0.707106,0.707108,-0,-7.71913e-008,-7.7191e-008,1,0.707108,0.707106,1.09165e-007,
		},
		{
		1010.12,-255.863,-750,255,255,255,0.042351,0.892868,0.7071,0.707114,-0,-1.03445e-007,1.03443e-007,1,0.707114,-0.7071,1.46292e-007,
		},
		{
		713.456,-252.53,-746.667,255,255,255,0.0511531,0.109394,0,1,-0,-7.69418e-008,0,1,1,-0,7.69418e-008,
		},
		{
		1006.79,-252.53,-746.667,255,255,255,0.0511531,0.884066,0.7071,0.707114,-0,-1.03445e-007,1.03443e-007,1,0.707114,-0.7071,1.46292e-007,
		},
		{
		1006.79,-252.53,-746.667,255,255,255,0.0511531,0.884066,0.7071,0.707114,-0,-6.73245e-008,6.73232e-008,1,0.707114,-0.7071,9.52103e-008,
		},
		{
		1010.12,-255.863,-450,255,255,255,0.834623,0.892869,0.7071,0.707114,-0,-6.73245e-008,6.73232e-008,1,0.707114,-0.7071,9.52103e-008,
		},
		{
		1006.79,-252.53,-453.333,255,255,255,0.825821,0.884066,0.7071,0.707114,-0,-6.73245e-008,6.73232e-008,1,0.707114,-0.7071,9.52103e-008,
		},
		{
		1006.79,-252.53,-453.333,255,255,255,0.825821,0.884066,0,0.707102,0.707112,-1.67153e-005,-0.707112,0.707102,1,-1.18196e-005,1.18194e-005,
		},
		{
		710.123,-255.863,-450,255,255,255,0.834623,0.100592,0,0.707102,0.707112,-1.67153e-005,-0.707112,0.707102,1,-1.18196e-005,1.18194e-005,
		},
		{
		713.456,-252.53,-453.333,255,255,255,0.825821,0.109394,0,0.707102,0.707112,-1.67153e-005,-0.707112,0.707102,1,-1.18196e-005,1.18194e-005,
		},
		{
		1010.12,-255.863,-450,255,255,255,0.834623,0.892869,0,0.707102,0.707112,-2.29836e-006,-0.707112,0.707102,1,-1.6252e-006,1.62518e-006,
		},
		{
		710.123,-255.863,-450,255,255,255,0.834623,0.100592,0,0.707102,0.707112,-2.29836e-006,-0.707112,0.707102,1,-1.6252e-006,1.62518e-006,
		},
		{
		1006.79,-252.53,-453.333,255,255,255,0.825821,0.884066,0,0.707102,0.707112,-2.29836e-006,-0.707112,0.707102,1,-1.6252e-006,1.62518e-006,
		},
		{
		1010.12,-255.863,-750,255,255,255,0.042351,0.892868,0,0.707108,-0.707105,-1.53223e-006,0.707105,0.707108,1,1.08345e-006,1.08345e-006,
		},
		{
		1006.79,-252.53,-746.667,255,255,255,0.0511531,0.884066,0,1,-0,-7.69418e-008,0,1,1,-0,7.69418e-008,
		},
		{
		710.123,-255.863,-450,255,255,255,0.834623,0.100592,-0.707106,0.707108,-0,-3.01193e-007,-3.01192e-007,1,0.707108,0.707106,4.2595e-007,
		},
		{
		713.456,-252.53,-453.333,255,255,255,0.825821,0.109394,0,1,-0,-7.69418e-008,0,1,1,-0,7.69418e-008,
		},
		{
		1010.12,-255.863,-450,255,255,255,0.834623,0.892869,0.7071,0.707114,-0,-1.03445e-007,1.03443e-007,1,0.707114,-0.7071,1.46292e-007,
		},
		{
		1006.79,-252.53,-453.333,255,255,255,0.825821,0.884066,0,1,-0,-6.7324e-008,0,1,1,-0,6.7324e-008,
		},
		{
		1006.79,-252.53,-746.667,255,255,255,0.0511531,0.884066,0,1,-0,-6.7324e-008,0,1,1,-0,6.7324e-008,
		},
		{
		713.456,-252.53,-453.333,255,255,255,0.825821,0.109394,0,1,-0,-6.7324e-008,0,1,1,-0,6.7324e-008,
		},
		{
		1010.12,-255.863,-1050,255,255,255,0.042351,0.100592,0,0.707117,-0.707097,-1.53224e-006,0.707097,0.707117,1,1.08344e-006,1.08347e-006,
		},
		{
		1013.46,-252.53,-1046.67,255,255,255,0.0511531,0.109394,0,0.707117,-0.707097,-1.53224e-006,0.707097,0.707117,1,1.08344e-006,1.08347e-006,
		},
		{
		1013.46,-252.53,-1046.67,255,255,255,0.0511531,0.109394,0,0.707117,-0.707097,0,0.707097,0.707117,1,-0,0,
		},
		{
		1310.12,-255.863,-1050,255,255,255,0.042351,0.892868,0,0.707117,-0.707097,0,0.707097,0.707117,1,-0,0,
		},
		{
		1306.79,-252.53,-1046.67,255,255,255,0.0511531,0.884066,0,0.707117,-0.707097,0,0.707097,0.707117,1,-0,0,
		},
		{
		1013.46,-252.53,-1046.67,255,255,255,0.0511531,0.109394,-0.707097,0.707117,-0,-3.51983e-007,-3.51973e-007,1,0.707117,0.707097,4.97772e-007,
		},
		{
		1010.12,-255.863,-1050,255,255,255,0.042351,0.100592,-0.707097,0.707117,-0,-3.51983e-007,-3.51973e-007,1,0.707117,0.707097,4.97772e-007,
		},
		{
		1010.12,-255.863,-750,255,255,255,0.834623,0.100592,-0.707097,0.707117,-0,-2.52505e-008,-2.52498e-008,1,0.707117,0.707097,3.57091e-008,
		},
		{
		1013.46,-252.53,-1046.67,255,255,255,0.0511531,0.109394,-0.707097,0.707117,-0,-2.52505e-008,-2.52498e-008,1,0.707117,0.707097,3.57091e-008,
		},
		{
		1013.46,-252.53,-753.333,255,255,255,0.825821,0.109394,-0.707097,0.707117,-0,-2.52505e-008,-2.52498e-008,1,0.707117,0.707097,3.57091e-008,
		},
		{
		1310.12,-255.863,-1050,255,255,255,0.042351,0.892868,0.707097,0.707117,-0,-5.2582e-008,5.25806e-008,1,0.707117,-0.707097,7.43612e-008,
		},
		{
		1013.46,-252.53,-1046.67,255,255,255,0.0511531,0.109394,0,1,-9.07957e-008,-7.69418e-008,9.07957e-008,1,1,6.98598e-015,7.69418e-008,
		},
		{
		1306.79,-252.53,-1046.67,255,255,255,0.0511531,0.884066,0.707097,0.707117,-0,-5.2582e-008,5.25806e-008,1,0.707117,-0.707097,7.43612e-008,
		},
		{
		1306.79,-252.53,-1046.67,255,255,255,0.0511531,0.884066,0.707097,0.707117,-0,-1.19343e-007,1.1934e-007,1,0.707117,-0.707097,1.68775e-007,
		},
		{
		1310.12,-255.863,-750,255,255,255,0.834623,0.892869,0.707097,0.707117,-0,-1.19343e-007,1.1934e-007,1,0.707117,-0.707097,1.68775e-007,
		},
		{
		1306.79,-252.53,-753.333,255,255,255,0.825821,0.884066,0.707097,0.707117,-0,-1.19343e-007,1.1934e-007,1,0.707117,-0.707097,1.68775e-007,
		},
		{
		1306.79,-252.53,-753.333,255,255,255,0.825821,0.884066,0,0.707102,0.707112,-1.67153e-005,-0.707112,0.707102,1,-1.18196e-005,1.18194e-005,
		},
		{
		1010.12,-255.863,-750,255,255,255,0.834623,0.100592,0,0.707102,0.707112,-1.67153e-005,-0.707112,0.707102,1,-1.18196e-005,1.18194e-005,
		},
		{
		1013.46,-252.53,-753.333,255,255,255,0.825821,0.109394,0,0.707102,0.707112,-1.67153e-005,-0.707112,0.707102,1,-1.18196e-005,1.18194e-005,
		},
		{
		1310.12,-255.863,-750,255,255,255,0.834623,0.892869,0,0.707102,0.707112,-2.29836e-006,-0.707112,0.707102,1,-1.6252e-006,1.62518e-006,
		},
		{
		1010.12,-255.863,-750,255,255,255,0.834623,0.100592,0,0.707102,0.707112,-2.29836e-006,-0.707112,0.707102,1,-1.6252e-006,1.62518e-006,
		},
		{
		1306.79,-252.53,-753.333,255,255,255,0.825821,0.884066,0,0.707102,0.707112,-2.29836e-006,-0.707112,0.707102,1,-1.6252e-006,1.62518e-006,
		},
		{
		1310.12,-255.863,-1050,255,255,255,0.042351,0.892868,0,0.707117,-0.707097,-1.53224e-006,0.707097,0.707117,1,1.08344e-006,1.08347e-006,
		},
		{
		1306.79,-252.53,-1046.67,255,255,255,0.0511531,0.884066,0,1,-9.07957e-008,-7.69418e-008,9.07957e-008,1,1,6.98598e-015,7.69418e-008,
		},
		{
		1010.12,-255.863,-750,255,255,255,0.834623,0.100592,-0.707097,0.707117,-0,-3.51983e-007,-3.51973e-007,1,0.707117,0.707097,4.97772e-007,
		},
		{
		1013.46,-252.53,-753.333,255,255,255,0.825821,0.109394,0,1,-9.07957e-008,-7.69418e-008,9.07957e-008,1,1,6.98598e-015,7.69418e-008,
		},
		{
		1310.12,-255.863,-750,255,255,255,0.834623,0.892869,0.707097,0.707117,-0,-5.2582e-008,5.25806e-008,1,0.707117,-0.707097,7.43612e-008,
		},
		{
		1306.79,-252.53,-753.333,255,255,255,0.825821,0.884066,0,1,-9.07957e-008,-6.7324e-008,9.07957e-008,1,1,6.11273e-015,6.7324e-008,
		},
		{
		1306.79,-252.53,-1046.67,255,255,255,0.0511531,0.884066,0,1,-9.07957e-008,-6.7324e-008,9.07957e-008,1,1,6.11273e-015,6.7324e-008,
		},
		{
		1013.46,-252.53,-753.333,255,255,255,0.825821,0.109394,0,1,-9.07957e-008,-6.7324e-008,9.07957e-008,1,1,6.11273e-015,6.7324e-008,
		},
		{
		710.123,-255.863,-1050,255,255,255,0.042351,0.100592,0,0.707117,-0.707097,-1.53224e-006,0.707097,0.707117,1,1.08344e-006,1.08347e-006,
		},
		{
		713.456,-252.53,-1046.67,255,255,255,0.0511531,0.109394,0,0.707117,-0.707097,-1.53224e-006,0.707097,0.707117,1,1.08344e-006,1.08347e-006,
		},
		{
		713.456,-252.53,-1046.67,255,255,255,0.0511531,0.109394,0,0.707117,-0.707097,0,0.707097,0.707117,1,-0,0,
		},
		{
		1010.12,-255.863,-1050,255,255,255,0.042351,0.892868,0,0.707117,-0.707097,0,0.707097,0.707117,1,-0,0,
		},
		{
		1006.79,-252.53,-1046.67,255,255,255,0.0511531,0.884066,0,0.707117,-0.707097,0,0.707097,0.707117,1,-0,0,
		},
		{
		713.456,-252.53,-1046.67,255,255,255,0.0511531,0.109394,-0.707102,0.707111,-0,-3.51981e-007,-3.51976e-007,1,0.707111,0.707102,4.97773e-007,
		},
		{
		710.123,-255.863,-1050,255,255,255,0.042351,0.100592,-0.707102,0.707111,-0,-3.51981e-007,-3.51976e-007,1,0.707111,0.707102,4.97773e-007,
		},
		{
		710.123,-255.863,-750,255,255,255,0.834623,0.100592,-0.707102,0.707111,-0,-2.52499e-008,-2.52496e-008,1,0.707111,0.707102,3.57086e-008,
		},
		{
		713.456,-252.53,-1046.67,255,255,255,0.0511531,0.109394,-0.707102,0.707111,-0,-2.52499e-008,-2.52496e-008,1,0.707111,0.707102,3.57086e-008,
		},
		{
		713.456,-252.53,-753.333,255,255,255,0.825821,0.109394,-0.707102,0.707111,-0,-2.52499e-008,-2.52496e-008,1,0.707111,0.707102,3.57086e-008,
		},
		{
		1010.12,-255.863,-1050,255,255,255,0.042351,0.892868,0.707097,0.707117,-0,-5.2582e-008,5.25806e-008,1,0.707117,-0.707097,7.43612e-008,
		},
		{
		713.456,-252.53,-1046.67,255,255,255,0.0511531,0.109394,0,1,-9.07957e-008,-7.69418e-008,9.07957e-008,1,1,6.98598e-015,7.69418e-008,
		},
		{
		1006.79,-252.53,-1046.67,255,255,255,0.0511531,0.884066,0.707097,0.707117,-0,-5.2582e-008,5.25806e-008,1,0.707117,-0.707097,7.43612e-008,
		},
		{
		1006.79,-252.53,-1046.67,255,255,255,0.0511531,0.884066,0.707097,0.707117,-0,-1.19343e-007,1.1934e-007,1,0.707117,-0.707097,1.68775e-007,
		},
		{
		1010.12,-255.863,-750,255,255,255,0.834623,0.892869,0.707097,0.707117,-0,-1.19343e-007,1.1934e-007,1,0.707117,-0.707097,1.68775e-007,
		},
		{
		1006.79,-252.53,-753.333,255,255,255,0.825821,0.884066,0.707097,0.707117,-0,-1.19343e-007,1.1934e-007,1,0.707117,-0.707097,1.68775e-007,
		},
		{
		1006.79,-252.53,-753.333,255,255,255,0.825821,0.884066,0,0.707102,0.707112,-1.67153e-005,-0.707112,0.707102,1,-1.18196e-005,1.18194e-005,
		},
		{
		710.123,-255.863,-750,255,255,255,0.834623,0.100592,0,0.707102,0.707112,-1.67153e-005,-0.707112,0.707102,1,-1.18196e-005,1.18194e-005,
		},
		{
		713.456,-252.53,-753.333,255,255,255,0.825821,0.109394,0,0.707102,0.707112,-1.67153e-005,-0.707112,0.707102,1,-1.18196e-005,1.18194e-005,
		},
		{
		1010.12,-255.863,-750,255,255,255,0.834623,0.892869,0,0.707102,0.707112,-2.29836e-006,-0.707112,0.707102,1,-1.6252e-006,1.62518e-006,
		},
		{
		710.123,-255.863,-750,255,255,255,0.834623,0.100592,0,0.707102,0.707112,-2.29836e-006,-0.707112,0.707102,1,-1.6252e-006,1.62518e-006,
		},
		{
		1006.79,-252.53,-753.333,255,255,255,0.825821,0.884066,0,0.707102,0.707112,-2.29836e-006,-0.707112,0.707102,1,-1.6252e-006,1.62518e-006,
		},
		{
		1010.12,-255.863,-1050,255,255,255,0.042351,0.892868,0,0.707117,-0.707097,-1.53224e-006,0.707097,0.707117,1,1.08344e-006,1.08347e-006,
		},
		{
		1006.79,-252.53,-1046.67,255,255,255,0.0511531,0.884066,0,1,-9.07957e-008,-7.69418e-008,9.07957e-008,1,1,6.98598e-015,7.69418e-008,
		},
		{
		710.123,-255.863,-750,255,255,255,0.834623,0.100592,-0.707102,0.707111,-0,-3.51981e-007,-3.51976e-007,1,0.707111,0.707102,4.97773e-007,
		},
		{
		713.456,-252.53,-753.333,255,255,255,0.825821,0.109394,0,1,-9.07957e-008,-7.69418e-008,9.07957e-008,1,1,6.98598e-015,7.69418e-008,
		},
		{
		1010.12,-255.863,-750,255,255,255,0.834623,0.892869,0.707097,0.707117,-0,-5.2582e-008,5.25806e-008,1,0.707117,-0.707097,7.43612e-008,
		},
		{
		1006.79,-252.53,-753.333,255,255,255,0.825821,0.884066,0,1,-9.07957e-008,-6.7324e-008,9.07957e-008,1,1,6.11273e-015,6.7324e-008,
		},
		{
		1006.79,-252.53,-1046.67,255,255,255,0.0511531,0.884066,0,1,-9.07957e-008,-6.7324e-008,9.07957e-008,1,1,6.11273e-015,6.7324e-008,
		},
		{
		713.456,-252.53,-753.333,255,255,255,0.825821,0.109394,0,1,-9.07957e-008,-6.7324e-008,9.07957e-008,1,1,6.11273e-015,6.7324e-008,
		},
		{
		1010.12,-255.863,-1350,255,255,255,0.042351,0.100592,-0.707097,0.707117,1.30942e-007,-2.59395e-007,-4.44564e-007,1,0.707117,0.707097,4.97773e-007,
		},
		{
		1013.46,-252.53,-1346.67,255,255,255,0.0511531,0.109394,-0.707097,0.707117,1.30942e-007,-2.59395e-007,-4.44564e-007,1,0.707117,0.707097,4.97773e-007,
		},
		{
		1010.12,-255.863,-1050,255,255,255,0.834623,0.100592,-0.707097,0.707117,1.30942e-007,-1.40429e-007,-3.25602e-007,1,0.707117,0.707097,3.29532e-007,
		},
		{
		1013.46,-252.53,-1346.67,255,255,255,0.0511531,0.109394,-0.707097,0.707117,1.30942e-007,-1.40429e-007,-3.25602e-007,1,0.707117,0.707097,3.29532e-007,
		},
		{
		1013.46,-252.53,-1053.33,255,255,255,0.825821,0.109394,-0.707097,0.707117,1.30942e-007,-1.40429e-007,-3.25602e-007,1,0.707117,0.707097,3.29532e-007,
		},
		{
		1306.79,-252.53,-1346.67,255,255,255,0.0511531,0.884066,0.707097,0.707117,1.30942e-007,-1.45172e-007,-4.00097e-008,1,0.707117,-0.707097,7.43626e-008,
		},
		{
		1306.79,-252.53,-1346.67,255,255,255,0.0511531,0.884066,0.707097,0.707117,1.30942e-007,-3.85726e-009,-1.8132e-007,1,0.707117,-0.707097,-1.25483e-007,
		},
		{
		1310.12,-255.863,-1050,255,255,255,0.834623,0.892869,0.707097,0.707117,1.30942e-007,-3.85726e-009,-1.8132e-007,1,0.707117,-0.707097,-1.25483e-007,
		},
		{
		1306.79,-252.53,-1053.33,255,255,255,0.825821,0.884066,0.707097,0.707117,1.30942e-007,-3.85726e-009,-1.8132e-007,1,0.707117,-0.707097,-1.25483e-007,
		},
		{
		1306.79,-252.53,-1053.33,255,255,255,0.825821,0.884066,0,0.707101,0.707113,-1.67156e-005,-0.707113,0.707101,1,-1.18198e-005,1.18196e-005,
		},
		{
		1010.12,-255.863,-1050,255,255,255,0.834623,0.100592,0,0.707101,0.707113,-1.67156e-005,-0.707113,0.707101,1,-1.18198e-005,1.18196e-005,
		},
		{
		1013.46,-252.53,-1346.67,255,255,255,0.0511531,0.109394,0,1,2.72387e-007,-7.69418e-008,-2.72387e-007,1,1,-2.09579e-014,7.69418e-008,
		},
		{
		1013.46,-252.53,-1053.33,255,255,255,0.825821,0.109394,0,0.707101,0.707113,-1.67156e-005,-0.707113,0.707101,1,-1.18198e-005,1.18196e-005,
		},
		{
		1310.12,-255.863,-1050,255,255,255,0.834623,0.892869,0,0.707101,0.707113,-2.2984e-006,-0.707113,0.707101,1,-1.62523e-006,1.6252e-006,
		},
		{
		1010.12,-255.863,-1050,255,255,255,0.834623,0.100592,0,0.707101,0.707113,-2.2984e-006,-0.707113,0.707101,1,-1.62523e-006,1.6252e-006,
		},
		{
		1306.79,-252.53,-1053.33,255,255,255,0.825821,0.884066,0,0.707101,0.707113,-2.2984e-006,-0.707113,0.707101,1,-1.62523e-006,1.6252e-006,
		},
		{
		1310.12,-255.863,-1350,255,255,255,0.042351,0.892868,0.707097,0.707117,1.30942e-007,-1.45172e-007,-4.00097e-008,1,0.707117,-0.707097,7.43626e-008,
		},
		{
		1306.79,-252.53,-1346.67,255,255,255,0.0511531,0.884066,0,1,2.72387e-007,-7.69418e-008,-2.72387e-007,1,1,-2.09579e-014,7.69418e-008,
		},
		{
		1010.12,-255.863,-1050,255,255,255,0.834623,0.100592,-0.707097,0.707117,1.30942e-007,-2.59395e-007,-4.44564e-007,1,0.707117,0.707097,4.97773e-007,
		},
		{
		1013.46,-252.53,-1053.33,255,255,255,0.825821,0.109394,0,1,2.72387e-007,-7.69418e-008,-2.72387e-007,1,1,-2.09579e-014,7.69418e-008,
		},
		{
		1310.12,-255.863,-1050,255,255,255,0.834623,0.892869,0.707097,0.707117,1.30942e-007,-1.45172e-007,-4.00097e-008,1,0.707117,-0.707097,7.43626e-008,
		},
		{
		1306.79,-252.53,-1053.33,255,255,255,0.825821,0.884066,0,1,2.72387e-007,-6.7324e-008,-2.72387e-007,1,1,-1.83382e-014,6.7324e-008,
		},
		{
		1306.79,-252.53,-1346.67,255,255,255,0.0511531,0.884066,0,1,2.72387e-007,-6.7324e-008,-2.72387e-007,1,1,-1.83382e-014,6.7324e-008,
		},
		{
		1013.46,-252.53,-1053.33,255,255,255,0.825821,0.109394,0,1,2.72387e-007,-6.7324e-008,-2.72387e-007,1,1,-1.83382e-014,6.7324e-008,
		},
		{
		710.123,-255.863,-1350,255,255,255,0.042351,0.100592,0,0.707111,-0.707102,-1.53223e-006,0.707103,0.707111,1,1.08344e-006,1.08345e-006,
		},
		{
		713.456,-252.53,-1346.67,255,255,255,0.0511531,0.109394,0,0.707111,-0.707102,-1.53223e-006,0.707103,0.707111,1,1.08344e-006,1.08345e-006,
		},
		{
		713.456,-252.53,-1346.67,255,255,255,0.0511531,0.109394,0,0.707111,-0.707102,0,0.707103,0.707111,1,-0,0,
		},
		{
		1010.12,-255.863,-1350,255,255,255,0.042351,0.892868,0,0.707111,-0.707102,0,0.707103,0.707111,1,-0,0,
		},
		{
		1006.79,-252.53,-1346.67,255,255,255,0.0511531,0.884066,0,0.707111,-0.707102,0,0.707103,0.707111,1,-0,0,
		},
		{
		713.456,-252.53,-1346.67,255,255,255,0.0511531,0.109394,-0.707102,0.707111,1.30943e-007,-2.59391e-007,-4.44568e-007,1,0.707111,0.707102,4.97773e-007,
		},
		{
		710.123,-255.863,-1350,255,255,255,0.042351,0.100592,-0.707102,0.707111,1.30943e-007,-2.59391e-007,-4.44568e-007,1,0.707111,0.707102,4.97773e-007,
		},
		{
		710.123,-255.863,-1050,255,255,255,0.834623,0.100592,-0.707102,0.707111,1.30943e-007,-1.40427e-007,-3.25605e-007,1,0.707111,0.707102,3.29533e-007,
		},
		{
		713.456,-252.53,-1346.67,255,255,255,0.0511531,0.109394,-0.707102,0.707111,1.30943e-007,-1.40427e-007,-3.25605e-007,1,0.707111,0.707102,3.29533e-007,
		},
		{
		713.456,-252.53,-1053.33,255,255,255,0.825821,0.109394,-0.707102,0.707111,1.30943e-007,-1.40427e-007,-3.25605e-007,1,0.707111,0.707102,3.29533e-007,
		},
		{
		1010.12,-255.863,-1350,255,255,255,0.042351,0.892868,0.707097,0.707117,1.30942e-007,-1.45172e-007,-4.00097e-008,1,0.707117,-0.707097,7.43626e-008,
		},
		{
		713.456,-252.53,-1346.67,255,255,255,0.0511531,0.109394,0,1,2.72387e-007,-7.69418e-008,-2.72387e-007,1,1,-2.09579e-014,7.69418e-008,
		},
		{
		1006.79,-252.53,-1346.67,255,255,255,0.0511531,0.884066,0.707097,0.707117,1.30942e-007,-1.45172e-007,-4.00097e-008,1,0.707117,-0.707097,7.43626e-008,
		},
		{
		1006.79,-252.53,-1346.67,255,255,255,0.0511531,0.884066,0.707097,0.707117,1.30942e-007,-3.85726e-009,-1.8132e-007,1,0.707117,-0.707097,-1.25483e-007,
		},
		{
		1010.12,-255.863,-1050,255,255,255,0.834623,0.892869,0.707097,0.707117,1.30942e-007,-3.85726e-009,-1.8132e-007,1,0.707117,-0.707097,-1.25483e-007,
		},
		{
		1006.79,-252.53,-1053.33,255,255,255,0.825821,0.884066,0.707097,0.707117,1.30942e-007,-3.85726e-009,-1.8132e-007,1,0.707117,-0.707097,-1.25483e-007,
		},
		{
		1006.79,-252.53,-1053.33,255,255,255,0.825821,0.884066,0,0.707101,0.707113,-1.67156e-005,-0.707113,0.707101,1,-1.18198e-005,1.18196e-005,
		},
		{
		710.123,-255.863,-1050,255,255,255,0.834623,0.100592,0,0.707101,0.707113,-1.67156e-005,-0.707113,0.707101,1,-1.18198e-005,1.18196e-005,
		},
		{
		713.456,-252.53,-1053.33,255,255,255,0.825821,0.109394,0,0.707101,0.707113,-1.67156e-005,-0.707113,0.707101,1,-1.18198e-005,1.18196e-005,
		},
		{
		1010.12,-255.863,-1050,255,255,255,0.834623,0.892869,0,0.707101,0.707113,-2.2984e-006,-0.707113,0.707101,1,-1.62523e-006,1.6252e-006,
		},
		{
		710.123,-255.863,-1050,255,255,255,0.834623,0.100592,0,0.707101,0.707113,-2.2984e-006,-0.707113,0.707101,1,-1.62523e-006,1.6252e-006,
		},
		{
		1006.79,-252.53,-1053.33,255,255,255,0.825821,0.884066,0,0.707101,0.707113,-2.2984e-006,-0.707113,0.707101,1,-1.62523e-006,1.6252e-006,
		},
		{
		1010.12,-255.863,-1350,255,255,255,0.042351,0.892868,0,0.707111,-0.707102,-1.53223e-006,0.707103,0.707111,1,1.08344e-006,1.08345e-006,
		},
		{
		1006.79,-252.53,-1346.67,255,255,255,0.0511531,0.884066,0,1,2.72387e-007,-7.69418e-008,-2.72387e-007,1,1,-2.09579e-014,7.69418e-008,
		},
		{
		710.123,-255.863,-1050,255,255,255,0.834623,0.100592,-0.707102,0.707111,1.30943e-007,-2.59391e-007,-4.44568e-007,1,0.707111,0.707102,4.97773e-007,
		},
		{
		713.456,-252.53,-1053.33,255,255,255,0.825821,0.109394,0,1,2.72387e-007,-7.69418e-008,-2.72387e-007,1,1,-2.09579e-014,7.69418e-008,
		},
		{
		1010.12,-255.863,-1050,255,255,255,0.834623,0.892869,0.707097,0.707117,1.30942e-007,-1.45172e-007,-4.00097e-008,1,0.707117,-0.707097,7.43626e-008,
		},
		{
		1006.79,-252.53,-1053.33,255,255,255,0.825821,0.884066,0,1,2.72387e-007,-6.7324e-008,-2.72387e-007,1,1,-1.83382e-014,6.7324e-008,
		},
		{
		1006.79,-252.53,-1346.67,255,255,255,0.0511531,0.884066,0,1,2.72387e-007,-6.7324e-008,-2.72387e-007,1,1,-1.83382e-014,6.7324e-008,
		},
		{
		713.456,-252.53,-1053.33,255,255,255,0.825821,0.109394,0,1,2.72387e-007,-6.7324e-008,-2.72387e-007,1,1,-1.83382e-014,6.7324e-008,
		},
		{
		713.456,-252.53,-1646.67,255,255,255,0.0511531,0.109394,0,1,9.07957e-008,-7.69418e-008,-9.07957e-008,1,1,-6.98598e-015,7.69418e-008,
		},
		{
		710.123,-255.863,-1350,255,255,255,0.834623,0.100592,0,0.707103,0.707111,-2.29832e-006,-0.707111,0.707103,1,-1.62517e-006,1.62515e-006,
		},
		{
		1006.79,-252.53,-1353.33,255,255,255,0.825821,0.884066,0,0.707103,0.707111,-2.29832e-006,-0.707111,0.707103,1,-1.62517e-006,1.62515e-006,
		},
		{
		1006.79,-252.53,-1646.67,255,255,255,0.0511531,0.884066,0,1,9.07957e-008,-7.69418e-008,-9.07957e-008,1,1,-6.98598e-015,7.69418e-008,
		},
		{
		710.123,-255.863,-1350,255,255,255,0.834623,0.100592,0,0.707103,0.707111,-1.6715e-005,-0.707111,0.707103,1,-1.18194e-005,1.18192e-005,
		},
		{
		713.456,-252.53,-1353.33,255,255,255,0.825821,0.109394,0,1,9.07957e-008,-7.69418e-008,-9.07957e-008,1,1,-6.98598e-015,7.69418e-008,
		},
		{
		1010.12,-255.863,-1350,255,255,255,0.834623,0.892869,0,0.707103,0.707111,-2.29832e-006,-0.707111,0.707103,1,-1.62517e-006,1.62515e-006,
		},
		{
		1006.79,-252.53,-1353.33,255,255,255,0.825821,0.884066,0,1,9.07957e-008,-6.7324e-008,-9.07957e-008,1,1,-6.11273e-015,6.7324e-008,
		},
		{
		1006.79,-252.53,-1646.67,255,255,255,0.0511531,0.884066,0,1,9.07957e-008,-6.7324e-008,-9.07957e-008,1,1,-6.11273e-015,6.7324e-008,
		},
		{
		713.456,-252.53,-1353.33,255,255,255,0.825821,0.109394,0,1,9.07957e-008,-6.7324e-008,-9.07957e-008,1,1,-6.11273e-015,6.7324e-008,
		},
		{
		1006.79,-252.53,-1353.33,255,255,255,0.825821,0.884066,0,0.707103,0.707111,-1.6715e-005,-0.707111,0.707103,1,-1.18194e-005,1.18192e-005,
		},
		{
		713.456,-252.53,-1353.33,255,255,255,0.825821,0.109394,0,0.707103,0.707111,-1.6715e-005,-0.707111,0.707103,1,-1.18194e-005,1.18192e-005,
		},
		{
		410.123,-255.863,-1650,255,255,255,0.042351,0.100592,-0.707109,0.707105,1.30942e-007,-3.61314e-007,-5.46496e-007,1,0.707105,0.707109,6.41919e-007,
		},
		{
		413.456,-252.53,-1646.67,255,255,255,0.0511531,0.109394,-0.707109,0.707105,1.30942e-007,-3.61314e-007,-5.46496e-007,1,0.707105,0.707109,6.41919e-007,
		},
		{
		410.123,-255.863,-1350,255,255,255,0.834623,0.100592,-0.707109,0.707105,1.30942e-007,-3.65426e-008,-2.21723e-007,1,0.707105,0.707109,1.82622e-007,
		},
		{
		413.456,-252.53,-1646.67,255,255,255,0.0511531,0.109394,-0.707109,0.707105,1.30942e-007,-3.65426e-008,-2.21723e-007,1,0.707105,0.707109,1.82622e-007,
		},
		{
		413.456,-252.53,-1353.33,255,255,255,0.825821,0.109394,-0.707109,0.707105,1.30942e-007,-3.65426e-008,-2.21723e-007,1,0.707105,0.707109,1.82622e-007,
		},
		{
		706.79,-252.53,-1646.67,255,255,255,0.0511531,0.884066,0.707114,0.707099,1.30943e-007,-4.34467e-008,-1.41735e-007,1,0.707099,-0.707114,-6.9502e-008,
		},
		{
		706.79,-252.53,-1646.67,255,255,255,0.0511531,0.884066,0.707114,0.707099,1.30943e-007,-1.07897e-007,-7.7284e-008,1,0.707099,-0.707114,2.16451e-008,
		},
		{
		710.123,-255.863,-1350,255,255,255,0.834623,0.892869,0.707114,0.707099,1.30943e-007,-1.07897e-007,-7.7284e-008,1,0.707099,-0.707114,2.16451e-008,
		},
		{
		706.79,-252.53,-1353.33,255,255,255,0.825821,0.884066,0.707114,0.707099,1.30943e-007,-1.07897e-007,-7.7284e-008,1,0.707099,-0.707114,2.16451e-008,
		},
		{
		706.79,-252.53,-1353.33,255,255,255,0.825821,0.884066,0,0.707103,0.707111,-1.6715e-005,-0.707111,0.707103,1,-1.18194e-005,1.18192e-005,
		},
		{
		410.123,-255.863,-1350,255,255,255,0.834623,0.100592,0,0.707103,0.707111,-1.6715e-005,-0.707111,0.707103,1,-1.18194e-005,1.18192e-005,
		},
		{
		413.456,-252.53,-1646.67,255,255,255,0.0511531,0.109394,0,1,9.07957e-008,-7.69418e-008,-9.07957e-008,1,1,-6.98598e-015,7.69418e-008,
		},
		{
		413.456,-252.53,-1353.33,255,255,255,0.825821,0.109394,0,0.707103,0.707111,-1.6715e-005,-0.707111,0.707103,1,-1.18194e-005,1.18192e-005,
		},
		{
		710.123,-255.863,-1350,255,255,255,0.834623,0.892869,0,0.707103,0.707111,-2.29832e-006,-0.707111,0.707103,1,-1.62517e-006,1.62515e-006,
		},
		{
		410.123,-255.863,-1350,255,255,255,0.834623,0.100592,0,0.707103,0.707111,-2.29832e-006,-0.707111,0.707103,1,-1.62517e-006,1.62515e-006,
		},
		{
		706.79,-252.53,-1353.33,255,255,255,0.825821,0.884066,0,0.707103,0.707111,-2.29832e-006,-0.707111,0.707103,1,-1.62517e-006,1.62515e-006,
		},
		{
		710.123,-255.863,-1650,255,255,255,0.042351,0.892868,0.707114,0.707099,1.30943e-007,-4.34467e-008,-1.41735e-007,1,0.707099,-0.707114,-6.9502e-008,
		},
		{
		706.79,-252.53,-1646.67,255,255,255,0.0511531,0.884066,0,1,9.07957e-008,-7.69418e-008,-9.07957e-008,1,1,-6.98598e-015,7.69418e-008,
		},
		{
		410.123,-255.863,-1350,255,255,255,0.834623,0.100592,-0.707109,0.707105,1.30942e-007,-3.61314e-007,-5.46496e-007,1,0.707105,0.707109,6.41919e-007,
		},
		{
		413.456,-252.53,-1353.33,255,255,255,0.825821,0.109394,0,1,9.07957e-008,-7.69418e-008,-9.07957e-008,1,1,-6.98598e-015,7.69418e-008,
		},
		{
		710.123,-255.863,-1350,255,255,255,0.834623,0.892869,0.707114,0.707099,1.30943e-007,-4.34467e-008,-1.41735e-007,1,0.707099,-0.707114,-6.9502e-008,
		},
		{
		706.79,-252.53,-1353.33,255,255,255,0.825821,0.884066,0,1,9.07957e-008,-6.7324e-008,-9.07957e-008,1,1,-6.11273e-015,6.7324e-008,
		},
		{
		706.79,-252.53,-1646.67,255,255,255,0.0511531,0.884066,0,1,9.07957e-008,-6.7324e-008,-9.07957e-008,1,1,-6.11273e-015,6.7324e-008,
		},
		{
		413.456,-252.53,-1353.33,255,255,255,0.825821,0.109394,0,1,9.07957e-008,-6.7324e-008,-9.07957e-008,1,1,-6.11273e-015,6.7324e-008,
		},
		{
		410.123,-255.863,-1350,255,255,255,0.042351,0.100592,0,0.707111,-0.707102,-1.53223e-006,0.707102,0.707111,1,1.08344e-006,1.08345e-006,
		},
		{
		413.456,-252.53,-1346.67,255,255,255,0.0511531,0.109394,0,0.707111,-0.707102,-1.53223e-006,0.707102,0.707111,1,1.08344e-006,1.08345e-006,
		},
		{
		413.456,-252.53,-1346.67,255,255,255,0.0511531,0.109394,0,0.707111,-0.707102,0,0.707102,0.707111,1,-0,0,
		},
		{
		710.123,-255.863,-1350,255,255,255,0.042351,0.892868,0,0.707111,-0.707102,0,0.707102,0.707111,1,-0,0,
		},
		{
		706.79,-252.53,-1346.67,255,255,255,0.0511531,0.884066,0,0.707111,-0.707102,0,0.707102,0.707111,1,-0,0,
		},
		{
		413.456,-252.53,-1346.67,255,255,255,0.0511531,0.109394,-0.707102,0.707111,1.30943e-007,-2.59391e-007,-4.44568e-007,1,0.707111,0.707102,4.97773e-007,
		},
		{
		410.123,-255.863,-1350,255,255,255,0.042351,0.100592,-0.707102,0.707111,1.30943e-007,-2.59391e-007,-4.44568e-007,1,0.707111,0.707102,4.97773e-007,
		},
		{
		410.123,-255.863,-1050,255,255,255,0.834623,0.100592,-0.707102,0.707111,1.30943e-007,-1.40427e-007,-3.25605e-007,1,0.707111,0.707102,3.29533e-007,
		},
		{
		413.456,-252.53,-1346.67,255,255,255,0.0511531,0.109394,-0.707102,0.707111,1.30943e-007,-1.40427e-007,-3.25605e-007,1,0.707111,0.707102,3.29533e-007,
		},
		{
		413.456,-252.53,-1053.33,255,255,255,0.825821,0.109394,-0.707102,0.707111,1.30943e-007,-1.40427e-007,-3.25605e-007,1,0.707111,0.707102,3.29533e-007,
		},
		{
		710.123,-255.863,-1350,255,255,255,0.042351,0.892868,0.707108,0.707106,1.30944e-007,-1.45173e-007,-4.00097e-008,1,0.707106,-0.707108,7.43615e-008,
		},
		{
		413.456,-252.53,-1346.67,255,255,255,0.0511531,0.109394,0,1,2.72387e-007,-7.69418e-008,-2.72387e-007,1,1,-2.09579e-014,7.69418e-008,
		},
		{
		706.79,-252.53,-1346.67,255,255,255,0.0511531,0.884066,0.707108,0.707106,1.30944e-007,-1.45173e-007,-4.00097e-008,1,0.707106,-0.707108,7.43615e-008,
		},
		{
		706.79,-252.53,-1346.67,255,255,255,0.0511531,0.884066,0.707108,0.707106,1.30944e-007,-3.85914e-009,-1.81324e-007,1,0.707106,-0.707108,-1.25487e-007,
		},
		{
		710.123,-255.863,-1050,255,255,255,0.834623,0.892869,0.707108,0.707106,1.30944e-007,-3.85914e-009,-1.81324e-007,1,0.707106,-0.707108,-1.25487e-007,
		},
		{
		706.79,-252.53,-1053.33,255,255,255,0.825821,0.884066,0.707108,0.707106,1.30944e-007,-3.85914e-009,-1.81324e-007,1,0.707106,-0.707108,-1.25487e-007,
		},
		{
		706.79,-252.53,-1053.33,255,255,255,0.825821,0.884066,0,0.707101,0.707113,-1.67156e-005,-0.707113,0.707101,1,-1.18198e-005,1.18196e-005,
		},
		{
		410.123,-255.863,-1050,255,255,255,0.834623,0.100592,0,0.707101,0.707113,-1.67156e-005,-0.707113,0.707101,1,-1.18198e-005,1.18196e-005,
		},
		{
		413.456,-252.53,-1053.33,255,255,255,0.825821,0.109394,0,0.707101,0.707113,-1.67156e-005,-0.707113,0.707101,1,-1.18198e-005,1.18196e-005,
		},
		{
		710.123,-255.863,-1050,255,255,255,0.834623,0.892869,0,0.707101,0.707113,-2.2984e-006,-0.707113,0.707101,1,-1.62523e-006,1.6252e-006,
		},
		{
		410.123,-255.863,-1050,255,255,255,0.834623,0.100592,0,0.707101,0.707113,-2.2984e-006,-0.707113,0.707101,1,-1.62523e-006,1.6252e-006,
		},
		{
		706.79,-252.53,-1053.33,255,255,255,0.825821,0.884066,0,0.707101,0.707113,-2.2984e-006,-0.707113,0.707101,1,-1.62523e-006,1.6252e-006,
		},
		{
		710.123,-255.863,-1350,255,255,255,0.042351,0.892868,0,0.707111,-0.707102,-1.53223e-006,0.707102,0.707111,1,1.08344e-006,1.08345e-006,
		},
		{
		706.79,-252.53,-1346.67,255,255,255,0.0511531,0.884066,0,1,2.72387e-007,-7.69418e-008,-2.72387e-007,1,1,-2.09579e-014,7.69418e-008,
		},
		{
		410.123,-255.863,-1050,255,255,255,0.834623,0.100592,-0.707102,0.707111,1.30943e-007,-2.59391e-007,-4.44568e-007,1,0.707111,0.707102,4.97773e-007,
		},
		{
		413.456,-252.53,-1053.33,255,255,255,0.825821,0.109394,0,1,2.72387e-007,-7.69418e-008,-2.72387e-007,1,1,-2.09579e-014,7.69418e-008,
		},
		{
		710.123,-255.863,-1050,255,255,255,0.834623,0.892869,0.707108,0.707106,1.30944e-007,-1.45173e-007,-4.00097e-008,1,0.707106,-0.707108,7.43615e-008,
		},
		{
		706.79,-252.53,-1053.33,255,255,255,0.825821,0.884066,0,1,2.72387e-007,-6.7324e-008,-2.72387e-007,1,1,-1.83382e-014,6.7324e-008,
		},
		{
		706.79,-252.53,-1346.67,255,255,255,0.0511531,0.884066,0,1,2.72387e-007,-6.7324e-008,-2.72387e-007,1,1,-1.83382e-014,6.7324e-008,
		},
		{
		413.456,-252.53,-1053.33,255,255,255,0.825821,0.109394,0,1,2.72387e-007,-6.7324e-008,-2.72387e-007,1,1,-1.83382e-014,6.7324e-008,
		},
		{
		410.123,-255.863,-1050,255,255,255,0.042351,0.100592,0,0.707117,-0.707097,-1.53224e-006,0.707097,0.707117,1,1.08344e-006,1.08347e-006,
		},
		{
		413.456,-252.53,-1046.67,255,255,255,0.0511531,0.109394,0,0.707117,-0.707097,-1.53224e-006,0.707097,0.707117,1,1.08344e-006,1.08347e-006,
		},
		{
		413.456,-252.53,-1046.67,255,255,255,0.0511531,0.109394,0,0.707117,-0.707097,0,0.707097,0.707117,1,-0,0,
		},
		{
		710.123,-255.863,-1050,255,255,255,0.042351,0.892868,0,0.707117,-0.707097,0,0.707097,0.707117,1,-0,0,
		},
		{
		706.79,-252.53,-1046.67,255,255,255,0.0511531,0.884066,0,0.707117,-0.707097,0,0.707097,0.707117,1,-0,0,
		},
		{
		413.456,-252.53,-1046.67,255,255,255,0.0511531,0.109394,-0.707102,0.707111,-0,-3.51981e-007,-3.51976e-007,1,0.707111,0.707102,4.97773e-007,
		},
		{
		410.123,-255.863,-1050,255,255,255,0.042351,0.100592,-0.707102,0.707111,-0,-3.51981e-007,-3.51976e-007,1,0.707111,0.707102,4.97773e-007,
		},
		{
		410.123,-255.863,-750,255,255,255,0.834623,0.100592,-0.707102,0.707111,-0,-2.52499e-008,-2.52496e-008,1,0.707111,0.707102,3.57086e-008,
		},
		{
		413.456,-252.53,-1046.67,255,255,255,0.0511531,0.109394,-0.707102,0.707111,-0,-2.52499e-008,-2.52496e-008,1,0.707111,0.707102,3.57086e-008,
		},
		{
		413.456,-252.53,-753.333,255,255,255,0.825821,0.109394,-0.707102,0.707111,-0,-2.52499e-008,-2.52496e-008,1,0.707111,0.707102,3.57086e-008,
		},
		{
		710.123,-255.863,-1050,255,255,255,0.042351,0.892868,0.707108,0.707106,-0,-5.25804e-008,5.25806e-008,1,0.707106,-0.707108,7.43601e-008,
		},
		{
		413.456,-252.53,-1046.67,255,255,255,0.0511531,0.109394,0,1,-9.07957e-008,-7.69418e-008,9.07957e-008,1,1,6.98598e-015,7.69418e-008,
		},
		{
		706.79,-252.53,-1046.67,255,255,255,0.0511531,0.884066,0.707108,0.707106,-0,-5.25804e-008,5.25806e-008,1,0.707106,-0.707108,7.43601e-008,
		},
		{
		706.79,-252.53,-1046.67,255,255,255,0.0511531,0.884066,0.707108,0.707106,-0,-1.19342e-007,1.19343e-007,1,0.707106,-0.707108,1.68776e-007,
		},
		{
		710.123,-255.863,-750,255,255,255,0.834623,0.892869,0.707108,0.707106,-0,-1.19342e-007,1.19343e-007,1,0.707106,-0.707108,1.68776e-007,
		},
		{
		706.79,-252.53,-753.333,255,255,255,0.825821,0.884066,0.707108,0.707106,-0,-1.19342e-007,1.19343e-007,1,0.707106,-0.707108,1.68776e-007,
		},
		{
		706.79,-252.53,-753.333,255,255,255,0.825821,0.884066,0,0.707102,0.707112,-1.67153e-005,-0.707112,0.707102,1,-1.18196e-005,1.18194e-005,
		},
		{
		410.123,-255.863,-750,255,255,255,0.834623,0.100592,0,0.707102,0.707112,-1.67153e-005,-0.707112,0.707102,1,-1.18196e-005,1.18194e-005,
		},
		{
		413.456,-252.53,-753.333,255,255,255,0.825821,0.109394,0,0.707102,0.707112,-1.67153e-005,-0.707112,0.707102,1,-1.18196e-005,1.18194e-005,
		},
		{
		710.123,-255.863,-750,255,255,255,0.834623,0.892869,0,0.707102,0.707112,-2.29836e-006,-0.707112,0.707102,1,-1.6252e-006,1.62518e-006,
		},
		{
		410.123,-255.863,-750,255,255,255,0.834623,0.100592,0,0.707102,0.707112,-2.29836e-006,-0.707112,0.707102,1,-1.6252e-006,1.62518e-006,
		},
		{
		706.79,-252.53,-753.333,255,255,255,0.825821,0.884066,0,0.707102,0.707112,-2.29836e-006,-0.707112,0.707102,1,-1.6252e-006,1.62518e-006,
		},
		{
		710.123,-255.863,-1050,255,255,255,0.042351,0.892868,0,0.707117,-0.707097,-1.53224e-006,0.707097,0.707117,1,1.08344e-006,1.08347e-006,
		},
		{
		706.79,-252.53,-1046.67,255,255,255,0.0511531,0.884066,0,1,-9.07957e-008,-7.69418e-008,9.07957e-008,1,1,6.98598e-015,7.69418e-008,
		},
		{
		410.123,-255.863,-750,255,255,255,0.834623,0.100592,-0.707102,0.707111,-0,-3.51981e-007,-3.51976e-007,1,0.707111,0.707102,4.97773e-007,
		},
		{
		413.456,-252.53,-753.333,255,255,255,0.825821,0.109394,0,1,-9.07957e-008,-7.69418e-008,9.07957e-008,1,1,6.98598e-015,7.69418e-008,
		},
		{
		710.123,-255.863,-750,255,255,255,0.834623,0.892869,0.707108,0.707106,-0,-5.25804e-008,5.25806e-008,1,0.707106,-0.707108,7.43601e-008,
		},
		{
		706.79,-252.53,-753.333,255,255,255,0.825821,0.884066,0,1,-9.07957e-008,-6.7324e-008,9.07957e-008,1,1,6.11273e-015,6.7324e-008,
		},
		{
		706.79,-252.53,-1046.67,255,255,255,0.0511531,0.884066,0,1,-9.07957e-008,-6.7324e-008,9.07957e-008,1,1,6.11273e-015,6.7324e-008,
		},
		{
		413.456,-252.53,-753.333,255,255,255,0.825821,0.109394,0,1,-9.07957e-008,-6.7324e-008,9.07957e-008,1,1,6.11273e-015,6.7324e-008,
		},
		{
		410.123,-255.863,-750,255,255,255,0.042351,0.100592,0,0.707108,-0.707105,-1.53223e-006,0.707105,0.707108,1,1.08345e-006,1.08345e-006,
		},
		{
		413.456,-252.53,-746.667,255,255,255,0.0511531,0.109394,0,0.707108,-0.707105,-1.53223e-006,0.707105,0.707108,1,1.08345e-006,1.08345e-006,
		},
		{
		413.456,-252.53,-746.667,255,255,255,0.0511531,0.109394,0,0.707108,-0.707105,0,0.707105,0.707108,1,-0,0,
		},
		{
		710.123,-255.863,-750,255,255,255,0.042351,0.892868,0,0.707108,-0.707105,0,0.707105,0.707108,1,-0,0,
		},
		{
		706.79,-252.53,-746.667,255,255,255,0.0511531,0.884066,0,0.707108,-0.707105,0,0.707105,0.707108,1,-0,0,
		},
		{
		413.456,-252.53,-746.667,255,255,255,0.0511531,0.109394,-0.707106,0.707108,-0,-3.01193e-007,-3.01192e-007,1,0.707108,0.707106,4.2595e-007,
		},
		{
		410.123,-255.863,-750,255,255,255,0.042351,0.100592,-0.707106,0.707108,-0,-3.01193e-007,-3.01192e-007,1,0.707108,0.707106,4.2595e-007,
		},
		{
