return
{
vertex_count = 14520,
	vertex =
	{
		{
		0.248551,0.256367,0.00331569,255,255,255,0.598145,0.948242,-0.715011,-0.689893,0.113167,-0.681411,0.723911,0.107849,-0.156327,7.45058e-009,-0.987705,
		},
		{
		0.248551,0.256367,0.00331569,255,255,255,0.598145,0.948242,-0.715011,-0.689893,0.113167,-0.681411,0.723911,0.107849,-0.156327,7.45058e-009,-0.987705,
		},
		{
		0.248551,0.256367,0.00331569,255,255,255,0.598145,0.948242,-0.715011,-0.689893,0.113167,-0.681411,0.723911,0.107849,-0.156327,7.45058e-009,-0.987705,
		},
		{
		0.248551,0.256367,0.00331569,255,255,255,0.377686,0.707031,-0.715011,-0.689893,0.113167,0.699089,-0.704208,0.12396,-0.00582622,0.167746,0.985813,
		},
		{
		-0.419443,0.181464,0.486118,255,255,255,0.538574,0.197876,-0.47702,0.738176,0.47702,0.877899,0.42599,0.218692,-0.0417728,0.523096,-0.85125,
		},
		{
		-0.419443,0.181464,0.486118,255,255,255,0.538574,0.197876,-0.47702,0.738176,0.47702,0.877563,0.429883,0.21233,-0.0483264,0.519901,-0.852859,
		},
		{
		-0.419443,0.181464,0.486118,255,255,255,0.538574,0.197876,-0.47702,0.738176,0.47702,0.667875,0.65726,-0.349217,-0.57131,0.152006,-0.806535,
		},
		{
		-0.419443,0.181464,0.486118,255,255,255,0.538574,0.197876,-0.47702,0.738176,0.47702,0.651924,0.661189,-0.371248,-0.589446,0.133888,-0.796635,
		},
		{
		-0.423064,0.180762,0.489732,255,255,255,0.537598,0.196777,-0.262675,0.928442,0.262675,0.964475,0.260575,0.0434577,-0.0280985,0.264759,-0.963905,
		},
		{
		-0.423064,0.180762,0.489732,255,255,255,0.537598,0.196777,-0.262675,0.928442,0.262675,0.964708,0.257909,0.0531122,-0.0184347,0.267356,-0.963421,
		},
		{
		-0.423064,0.180762,0.489732,255,255,255,0.537598,0.196777,-0.262675,0.928442,0.262675,0.964651,0.258683,0.0503209,-0.0212295,0.266608,-0.963571,
		},
		{
		-0.423064,0.180762,0.489732,255,255,255,0.537598,0.196777,-0.262675,0.928442,0.262675,0.957548,0.284339,-0.0474648,-0.118757,0.239056,-0.963716,
		},
		{
		-0.423064,0.180762,0.489732,255,255,255,0.537598,0.196777,-0.262675,0.928442,0.262675,0.959484,0.280101,-0.0305487,-0.101938,0.244008,-0.964401,
		},
		{
		-0.423064,0.180762,0.489732,255,255,255,0.537598,0.196777,-0.262675,0.928442,0.262675,0.963676,0.266055,0.023287,-0.0482655,0.259251,-0.964603,
		},
		{
		-0.343856,0.181464,0.550705,255,255,255,0.561035,0.178467,-0.396507,0.738202,0.545747,0.917166,0.34435,0.200574,-0.0398643,0.580069,-0.813591,
		},
		{
		-0.343856,0.181464,0.550705,255,255,255,0.561035,0.178467,-0.396507,0.738202,0.545747,0.916871,0.348318,0.194993,-0.0461495,0.577696,-0.814947,
		},
		{
		-0.343856,0.181464,0.550705,255,255,255,0.561035,0.178467,-0.396507,0.738202,0.545747,0.916349,0.354227,0.18662,-0.0555548,0.574091,-0.816905,
		},
		{
		-0.343856,0.181464,0.550705,255,255,255,0.561035,0.178467,-0.396507,0.738202,0.545747,0.916838,0.348728,0.194414,-0.0468008,0.577448,-0.815085,
		},
		{
		-0.343856,0.181464,0.550705,255,255,255,0.561035,0.178467,-0.396507,0.738202,0.545747,0.638475,0.648901,-0.413856,-0.659645,0.184349,-0.728617,
		},
		{
		-0.343856,0.181464,0.550705,255,255,255,0.561035,0.178467,-0.396507,0.738202,0.545747,0.607336,0.656721,-0.447058,-0.688423,0.15419,-0.708731,
		},
		{
		-0.343856,0.181464,0.550705,255,255,255,0.561035,0.178467,-0.396507,0.738202,0.545747,0.634294,0.650053,-0.418452,-0.663666,0.180245,-0.725988,
		},
		{
		-0.346823,0.180762,0.554806,255,255,255,0.560547,0.177246,-0.218366,0.928431,0.300555,0.975503,0.21608,0.041262,-0.026635,0.302202,-0.952872,
		},
		{
		-0.346823,0.180762,0.554806,255,255,255,0.560547,0.177246,-0.218366,0.928431,0.300555,0.975363,0.21754,0.0366497,-0.0313561,0.301153,-0.95306,
		},
		{
		-0.346823,0.180762,0.554806,255,255,255,0.560547,0.177246,-0.218366,0.928431,0.300555,0.968672,0.24355,-0.0485559,-0.118281,0.280536,-0.952528,
		},
		{
		-0.346823,0.180762,0.554806,255,255,255,0.560547,0.177246,-0.218366,0.928431,0.300555,0.968071,0.244945,-0.0533039,-0.123108,0.279318,-0.952274,
		},
		{
		-0.346823,0.180762,0.554806,255,255,255,0.560547,0.177246,-0.218366,0.928431,0.300555,0.970405,0.23913,-0.0336452,-0.103109,0.284313,-0.953171,
		},
		{
		-0.346823,0.180762,0.554806,255,255,255,0.560547,0.177246,-0.218366,0.928431,0.300555,0.970329,0.239337,-0.034338,-0.103814,0.284139,-0.953146,
		},
		{
		-0.25911,0.181464,0.602671,255,255,255,0.586914,0.162842,-0.306382,0.738107,0.601106,0.950942,0.265776,0.158342,-0.0428867,0.620131,-0.783326,
		},
		{
		-0.25911,0.181464,0.602671,255,255,255,0.586914,0.162842,-0.306382,0.738107,0.601106,0.951444,0.25718,0.169153,-0.0297396,0.623745,-0.781062,
		},
		{
		-0.25911,0.181464,0.602671,255,255,255,0.586914,0.162842,-0.306382,0.738107,0.601106,0.81215,0.532075,-0.239392,-0.49653,0.414843,-0.762471,
		},
		{
		-0.25911,0.181464,0.602671,255,255,255,0.586914,0.162842,-0.306382,0.738107,0.601106,0.753975,0.573644,-0.320086,-0.581079,0.35515,-0.732268,
		},
		{
		-0.25911,0.181464,0.602671,255,255,255,0.586914,0.162842,-0.306382,0.738107,0.601106,0.600226,0.639917,-0.479829,-0.738823,0.213788,-0.639089,
		},
		{
		-0.26143,0.180762,0.607107,255,255,255,0.585938,0.161499,-0.168679,0.928451,0.330949,0.98544,0.166121,0.036222,-0.0213473,0.33224,-0.942953,
		},
		{
		-0.26143,0.180762,0.607107,255,255,255,0.585938,0.161499,-0.168679,0.928451,0.330949,0.985253,0.168595,0.0291878,-0.0286968,0.330992,-0.943197,
		},
		{
		-0.26143,0.180762,0.607107,255,255,255,0.585938,0.161499,-0.168679,0.928451,0.330949,0.978951,0.196944,-0.0535561,-0.114903,0.314949,-0.942128,
		},
		{
		-0.26143,0.180762,0.607107,255,255,255,0.585938,0.161499,-0.168679,0.928451,0.330949,0.982192,0.186512,-0.0226391,-0.0827453,0.321236,-0.943377,
		},
		{
		-0.26143,0.180762,0.607107,255,255,255,0.585938,0.161499,-0.168679,0.928451,0.330949,0.985571,0.163656,0.043206,-0.014047,0.333461,-0.942659,
		},
		{
		-0.26143,0.180762,0.607107,255,255,255,0.585938,0.161499,-0.168679,0.928451,0.330949,0.985578,0.163494,0.043662,-0.0135703,0.333541,-0.942638,
		},
		{
		-0.168827,0.180762,0.645527,255,255,255,0.61377,0.150024,-0.114814,0.928429,0.353323,0.989401,0.138707,-0.0429716,-0.0889045,0.344644,-0.934514,
		},
		{
		-0.168827,0.180762,0.645527,255,255,255,0.61377,0.150024,-0.114814,0.928429,0.353323,0.989423,0.13862,-0.0427334,-0.0886524,0.344679,-0.934525,
		},
		{
		-0.168827,0.180762,0.645527,255,255,255,0.61377,0.150024,-0.114814,0.928429,0.353323,0.991688,0.127916,-0.0138711,-0.0580739,0.348793,-0.935399,
		},
		{
		-0.168827,0.180762,0.645527,255,255,255,0.61377,0.150024,-0.114814,0.928429,0.353323,0.991749,0.127547,-0.0128834,-0.0570268,0.348928,-0.935413,
		},
		{
		-0.168827,0.180762,0.645527,255,255,255,0.61377,0.150024,-0.114814,0.928429,0.353323,0.993317,0.111528,0.0297197,-0.0118129,0.354374,-0.935029,
		},
		{
		-0.168827,0.180762,0.645527,255,255,255,0.61377,0.150024,-0.114814,0.928429,0.353323,0.993271,0.112719,0.0265762,-0.0151521,0.353997,-0.935124,
		},
		{
		-0.0705976,0.181464,0.663879,255,255,255,0.643555,0.144409,-0.105443,0.738168,0.666326,0.994378,0.0847728,0.0634436,-0.00965428,0.66927,-0.742957,
		},
		{
		-0.0705976,0.181464,0.663879,255,255,255,0.643555,0.144409,-0.105443,0.738168,0.666326,0.993902,0.099976,0.0465258,-0.0322727,0.667168,-0.744208,
		},
		{
		-0.0705976,0.181464,0.663879,255,255,255,0.643555,0.144409,-0.105443,0.738168,0.666326,0.978589,0.196131,-0.0624199,-0.176764,0.645477,-0.743043,
		},
		{
		-0.0705976,0.181464,0.663879,255,255,255,0.643555,0.144409,-0.105443,0.738168,0.666326,0.882106,0.378779,-0.280028,-0.459098,0.558243,-0.691082,
		},
		{
		-0.0705976,0.181464,0.663879,255,255,255,0.643555,0.144409,-0.105443,0.738168,0.666326,0.685399,0.539428,-0.489127,-0.720493,0.405124,-0.562819,
		},
		{
		0.0285045,0.181464,0.67161,255,255,255,0.67334,0.14209,0,0.738163,0.674623,0.999939,-0.00743084,0.00813072,0.0110148,0.674582,-0.738118,
		},
		{
		0.0285045,0.181464,0.67161,255,255,255,0.67334,0.14209,0,0.738163,0.674623,0.999948,0.0068672,-0.00751399,-0.0101793,0.674588,-0.738124,
		},
		{
		0.0285045,0.181464,0.67161,255,255,255,0.67334,0.14209,0,0.738163,0.674623,0.999953,0.00654289,-0.00715914,-0.00969859,0.674591,-0.738128,
		},
		{
		0.0285045,0.181464,0.67161,255,255,255,0.67334,0.14209,0,0.738163,0.674623,0.983195,-0.12316,0.134759,0.182561,0.663285,-0.725758,
		},
		{
		0.0285045,0.181464,0.67161,255,255,255,0.67334,0.14209,0,0.738163,0.674623,0.982859,-0.124371,0.136085,0.184357,0.663059,-0.72551,
		},
		{
		0.0285045,0.181464,0.67161,255,255,255,0.67334,0.14209,0,0.738163,0.674623,0.982863,0.12436,-0.136073,-0.18434,0.663061,-0.725513,
		},
		{
		0.0285045,0.181464,0.67161,255,255,255,0.67334,0.14209,0,0.738163,0.674623,0.983182,0.123205,-0.134809,-0.182628,0.663277,-0.725748,
		},
		{
		0.0285047,0.180762,0.676786,255,255,255,0.67334,0.140625,0,0.928428,0.371512,0.999982,-0.00220585,0.00551255,0.00593751,0.371505,-0.928412,
		},
		{
		0.0285047,0.180762,0.676786,255,255,255,0.67334,0.140625,0,0.928428,0.371512,0.999964,-0.00316033,0.00789784,0.00850668,0.371498,-0.928395,
		},
		{
		0.0285047,0.180762,0.676786,255,255,255,0.67334,0.140625,0,0.928428,0.371512,0.999846,0.00651899,-0.0162913,-0.0175472,0.371455,-0.928285,
		},
		{
		0.0285047,0.180762,0.676786,255,255,255,0.67334,0.140625,0,0.928428,0.371512,0.999818,-0.00708669,0.0177101,0.0190753,0.371444,-0.928259,
		},
		{
		0.0285047,0.180762,0.676786,255,255,255,0.67334,0.140625,0,0.928428,0.371512,0.99983,-0.00684901,0.0171161,0.0184355,0.371449,-0.928271,
		},
		{
		0.0285047,0.180762,0.676786,255,255,255,0.67334,0.140625,0,0.928428,0.371512,0.999972,0.0027859,-0.00696213,-0.00749883,0.371501,-0.928402,
		},
		{
		0.0377341,0.159496,-0.611874,255,255,255,0.694824,0.329346,0.863622,-0.50414,-0,0.0257826,0.044167,0.998691,-0.50348,-0.862492,0.0511416,
		},
		{
		0.0377341,0.159496,-0.611874,255,255,255,0.694824,0.329346,0.863622,-0.50414,-0,0.0268443,0.0459859,0.998581,-0.503425,-0.862397,0.0532477,
		},
		{
		0.0377341,0.159496,-0.611874,255,255,255,0.694824,0.329346,0.863622,-0.50414,-0,0.0277239,0.0474927,0.998487,-0.503377,-0.862315,0.0549925,
		},
		{
		0.0377341,0.159496,-0.611874,255,255,255,0.659668,0.351807,0.863622,-0.50414,-0,0.0950015,0.162743,-0.982084,0.495108,0.848149,0.188443,
		},
		{
		0.0377341,0.159496,-0.611874,255,255,255,0.659668,0.351807,0.863622,-0.50414,-0,0.0766394,0.131288,-0.988377,0.498281,0.853584,0.15202,
		},
		{
		0.127604,0.181464,0.663879,255,255,255,0.703125,0.144409,0.105444,0.738139,0.666357,0.993901,-0.099982,-0.0465215,0.0322844,0.667199,-0.74418,
		},
		{
		0.127604,0.181464,0.663879,255,255,255,0.703125,0.144409,0.105444,0.738139,0.666357,0.994386,-0.0842208,-0.0640572,0.00883797,0.669371,-0.742876,
		},
		{
		0.127604,0.181464,0.663879,255,255,255,0.703125,0.144409,0.105444,0.738139,0.666357,0.994365,-0.0856606,-0.0624589,0.0109772,0.669188,-0.743012,
		},
		{
		0.127604,0.181464,0.663879,255,255,255,0.703125,0.144409,0.105444,0.738139,0.666357,0.681027,-0.541891,0.4925,0.724627,0.401876,-0.559832,
		},
		{
		0.127604,0.181464,0.663879,255,255,255,0.703125,0.144409,0.105444,0.738139,0.666357,0.882354,-0.378488,0.279638,0.45862,0.558478,-0.69121,
		},
		{
		0.127604,0.181464,0.663879,255,255,255,0.703125,0.144409,0.105444,0.738139,0.666357,0.978599,-0.196098,0.0623703,0.17671,0.64552,-0.743019,
		},
		{
		0.1284,0.180762,0.668955,255,255,255,0.703125,0.142944,0.0580469,0.928448,0.366899,0.998239,-0.0584737,-0.00996165,0.0122051,0.366832,-0.930207,
		},
		{
		0.1284,0.180762,0.668955,255,255,255,0.703125,0.142944,0.0580469,0.928448,0.366899,0.998012,-0.0630117,0.0015581,0.0245656,0.366079,-0.930259,
		},
		{
		0.1284,0.180762,0.668955,255,255,255,0.703125,0.142944,0.0580469,0.928448,0.366899,0.998296,-0.0561532,-0.0158426,0.00589358,0.367194,-0.930126,
		},
		{
		0.1284,0.180762,0.668955,255,255,255,0.703125,0.142944,0.0580469,0.928448,0.366899,0.998149,-0.0606637,-0.00440523,0.0181675,0.366476,-0.93025,
		},
		{
		0.1284,0.180762,0.668955,255,255,255,0.703125,0.142944,0.0580469,0.928448,0.366899,0.996545,-0.0757589,0.0340472,0.059407,0.363655,-0.929637,
		},
		{
		0.224274,0.181464,0.640671,255,255,255,0.731934,0.151489,0.208478,0.738235,0.641519,0.977794,-0.171653,-0.120229,0.0213614,0.652338,-0.757627,
		},
		{
		0.224274,0.181464,0.640671,255,255,255,0.731934,0.151489,0.208478,0.738235,0.641519,0.977506,-0.178682,-0.112046,0.0319121,0.650448,-0.75888,
		},
		{
		0.224274,0.181464,0.640671,255,255,255,0.731934,0.151489,0.208478,0.738235,0.641519,0.977527,-0.178244,-0.112557,0.0312531,0.650568,-0.758805,
		},
		{
		0.224274,0.181464,0.640671,255,255,255,0.731934,0.151489,0.208478,0.738235,0.641519,0.977525,-0.178298,-0.112494,0.0313349,0.650553,-0.758814,
		},
		{
		0.224274,0.181464,0.640671,255,255,255,0.731934,0.151489,0.208478,0.738235,0.641519,0.80198,-0.504472,0.319902,0.559791,0.447792,-0.697221,
		},
		{
		0.224274,0.181464,0.640671,255,255,255,0.731934,0.151489,0.208478,0.738235,0.641519,0.586264,-0.619352,0.522204,0.782835,0.267231,-0.561922,
		},
		{
		0.224274,0.181464,0.640671,255,255,255,0.731934,0.151489,0.208478,0.738235,0.641519,0.711163,-0.564715,0.418741,0.671405,0.368926,-0.642736,
		},
		{
		0.225841,0.180762,0.645527,255,255,255,0.732422,0.150024,0.114814,0.928429,0.353323,0.993317,-0.111525,-0.0297275,0.0118045,0.354374,-0.935029,
		},
		{
		0.225841,0.180762,0.645527,255,255,255,0.732422,0.150024,0.114814,0.928429,0.353323,0.99175,-0.127543,0.0128703,0.0570129,0.34893,-0.935413,
		},
		{
		0.225841,0.180762,0.645527,255,255,255,0.732422,0.150024,0.114814,0.928429,0.353323,0.991688,-0.127914,0.013867,0.0580696,0.348794,-0.935399,
		},
		{
		0.225841,0.180762,0.645527,255,255,255,0.732422,0.150024,0.114814,0.928429,0.353323,0.989427,-0.138604,0.0426924,0.088609,0.344685,-0.934527,
		},
		{
		0.225841,0.180762,0.645527,255,255,255,0.732422,0.150024,0.114814,0.928429,0.353323,0.989415,-0.13865,0.042816,0.0887399,0.344667,-0.934521,
		},
		{
		0.225841,0.180762,0.645527,255,255,255,0.732422,0.150024,0.114814,0.928429,0.353323,0.993272,-0.112715,-0.0265865,0.0151411,0.353998,-0.935124,
		},
		{
		0.48005,0.180762,0.489732,255,255,255,0.808594,0.196777,0.262682,0.928437,0.262682,0.959492,-0.280086,0.0304565,0.101851,0.244041,-0.964402,
		},
		{
		0.48005,0.180762,0.489732,255,255,255,0.808594,0.196777,0.262682,0.928437,0.262682,0.957563,-0.284313,0.0473271,0.118624,0.239103,-0.963721,
		},
		{
		0.48005,0.180762,0.489732,255,255,255,0.808594,0.196777,0.262682,0.928437,0.262682,0.96365,-0.266194,-0.0228028,0.0487534,0.259124,-0.964613,
		},
		{
		0.48005,0.180762,0.489732,255,255,255,0.808594,0.196777,0.262682,0.928437,0.262682,0.964649,-0.258687,-0.0503328,0.0212217,0.266618,-0.963569,
		},
		{
		0.48005,0.180762,0.489732,255,255,255,0.808594,0.196777,0.262682,0.928437,0.262682,0.964706,-0.257916,-0.0531156,0.0184355,0.267364,-0.963419,
		},
		{
		0.48005,0.180762,0.489732,255,255,255,0.808594,0.196777,0.262682,0.928437,0.262682,0.964476,-0.260559,-0.0435433,0.0280171,0.264789,-0.963899,
		},
		{
		0.541074,0.181464,0.410523,255,255,255,0.827148,0.220581,0.545781,0.738176,0.396509,0.837166,-0.500543,-0.220474,0.0357214,0.452275,-0.891163,
		},
		{
		0.541074,0.181464,0.410523,255,255,255,0.827148,0.220581,0.545781,0.738176,0.396509,0.834793,-0.519907,-0.181157,0.0724225,0.429875,-0.899979,
		},
		{
		0.541074,0.181464,0.410523,255,255,255,0.827148,0.220581,0.545781,0.738176,0.396509,0.835299,-0.516755,-0.187724,0.0663248,0.43366,-0.898632,
		},
		{
		0.541074,0.181464,0.410523,255,255,255,0.827148,0.220581,0.545781,0.738176,0.396509,0.836939,-0.503223,-0.215173,0.0406968,0.449292,-0.892458,
		},
		{
		0.541074,0.181464,0.410523,255,255,255,0.827148,0.220581,0.545781,0.738176,0.396509,0.695586,-0.662977,0.276806,0.467208,0.124731,-0.875305,
		},
		{
		0.541074,0.181464,0.410523,255,255,255,0.827148,0.220581,0.545781,0.738176,0.396509,0.703429,-0.66076,0.261885,0.455315,0.135984,-0.879884,
		},
		{
		0.541074,0.181464,0.410523,255,255,255,0.827148,0.220581,0.545781,0.738176,0.396509,0.675899,-0.667523,0.312368,0.495262,0.0975159,-0.863253,
		},
		{
		0.59741,0.180762,0.328105,255,255,255,0.844238,0.245361,0.330949,0.928451,0.168679,0.943558,-0.328073,-0.0454673,0.0131249,0.174206,-0.984622,
		},
		{
		0.59741,0.180762,0.328105,255,255,255,0.844238,0.245361,0.330949,0.928451,0.168679,0.939245,-0.341349,0.0360664,0.0910643,0.146495,-0.985011,
		},
		{
		0.59741,0.180762,0.328105,255,255,255,0.844238,0.245361,0.330949,0.928451,0.168679,0.938599,-0.342344,0.0428092,0.0974925,0.144154,-0.984741,
		},
		{
		0.59741,0.180762,0.328105,255,255,255,0.844238,0.245361,0.330949,0.928451,0.168679,0.943648,-0.325813,-0.0580895,0.00102451,0.178398,-0.983958,
		},
		{
		0.59741,0.180762,0.328105,255,255,255,0.844238,0.245361,0.330949,0.928451,0.168679,0.943647,-0.325982,-0.0571516,0.00192393,0.178088,-0.984013,
		},
		{
		0.59741,0.180762,0.328105,255,255,255,0.844238,0.245361,0.330949,0.928451,0.168679,0.942712,-0.33326,-0.015262,0.0420438,0.164067,-0.985553,
		},
		{
		0.631039,0.181464,0.233922,255,255,255,0.854004,0.273682,0.641519,0.738235,0.208478,0.766497,-0.627719,-0.135835,0.0305879,0.246939,-0.968548,
		},
		{
		0.631039,0.181464,0.233922,255,255,255,0.854004,0.273682,0.641519,0.738235,0.208478,0.766711,-0.62579,-0.143322,0.0246584,0.251786,-0.967469,
		},
		{
		0.631039,0.181464,0.233922,255,255,255,0.854004,0.273682,0.641519,0.738235,0.208478,0.766752,-0.625362,-0.144964,0.0233568,0.252848,-0.967224,
		},
		{
		0.631039,0.181464,0.233922,255,255,255,0.854004,0.273682,0.641519,0.738235,0.208478,0.767013,-0.621565,-0.159213,0.0120463,0.262044,-0.964981,
		},
		{
		0.631039,0.181464,0.233922,255,255,255,0.854004,0.273682,0.641519,0.738235,0.208478,-0.705515,0.674501,-0.217476,-0.301168,-0.00756961,0.953541,
		},
		{
		0.631039,0.181464,0.233922,255,255,255,0.854004,0.273682,0.641519,0.738235,0.208478,-0.367421,0.0571325,0.928298,0.673391,-0.67212,0.307894,
		},
		{
		0.631039,0.181464,0.233922,255,255,255,0.854004,0.273682,0.641519,0.738235,0.208478,-0.34971,0.039561,0.936022,0.682756,-0.673383,0.283547,
		},
		{
		0.635845,0.180762,0.235498,255,255,255,0.855469,0.273193,0.353323,0.928429,0.114814,0.935478,-0.351514,-0.0363145,0.00664332,0.120237,-0.992723,
		},
		{
		0.635845,0.180762,0.235498,255,255,255,0.855469,0.273193,0.353323,0.928429,0.114814,0.935481,-0.351452,-0.0368249,0.00616237,0.120418,-0.992704,
		},
		{
		0.635845,0.180762,0.235498,255,255,255,0.855469,0.273193,0.353323,0.928429,0.114814,0.93305,-0.358612,0.0285566,0.0676866,0.0970376,-0.992976,
		},
		{
		0.635845,0.180762,0.235498,255,255,255,0.855469,0.273193,0.353323,0.928429,0.114814,0.935179,-0.353755,-0.0172752,0.0245773,0.113475,-0.993237,
		},
		{
		0.635845,0.180762,0.235498,255,255,255,0.855469,0.273193,0.353323,0.928429,0.114814,0.935048,-0.354303,-0.0124441,0.0291255,0.111754,-0.993309,
		},
		{
		0.635845,0.180762,0.235498,255,255,255,0.855469,0.273193,0.353323,0.928429,0.114814,0.934247,-0.356534,0.00806475,0.0484227,0.104415,-0.993354,
		},
		{
		0.654198,0.181464,0.137273,255,255,255,0.861328,0.302734,0.666357,0.738139,0.105444,0.745486,-0.662331,-0.0746178,0.0147603,0.128329,-0.991622,
		},
		{
		0.654198,0.181464,0.137273,255,255,255,0.861328,0.302734,0.666357,0.738139,0.105444,0.745492,-0.662277,-0.0750319,0.0144489,0.128605,-0.991591,
		},
		{
		0.654198,0.181464,0.137273,255,255,255,0.861328,0.302734,0.666357,0.738139,0.105444,0.729444,-0.674646,0.112974,0.154527,0.00163434,-0.987987,
		},
		{
		0.654198,0.181464,0.137273,255,255,255,0.861328,0.302734,0.666357,0.738139,0.105444,0.729444,-0.674647,0.112974,0.154527,0.00163449,-0.987987,
		},
		{
		0.654198,0.181464,0.137273,255,255,255,0.861328,0.302734,0.666357,0.738139,0.105444,-0.198158,0.0389806,0.979395,0.718819,-0.673521,0.172243,
		},
		{
		0.0192754,0.174636,-0.60317,255,255,255,0.644043,0.307617,-0.807572,0.320545,0.495054,-0.438729,0.234451,-0.867496,-0.394137,-0.91776,-0.0487041,
		},
		{
		0.0192754,0.174636,-0.60317,255,255,255,0.733398,0.305664,-0.807572,0.320545,0.495054,-0.588624,-0.490363,-0.642702,0.0367415,-0.810429,0.584684,
		},
		{
		0.0192754,0.174636,-0.60317,255,255,255,0.644043,0.307617,-0.807572,0.320545,0.495054,-0.406067,0.306545,-0.860895,-0.427712,-0.89626,-0.117395,
		},
		{
		0.0192754,0.174636,-0.60317,255,255,255,0.644043,0.307617,-0.807572,0.320545,0.495054,-0.406262,0.306137,-0.860948,-0.427527,-0.896399,-0.117002,
		},
		{
		0.0192754,0.174636,-0.60317,255,255,255,0.644043,0.307617,-0.807572,0.320545,0.495054,-0.489733,0.10324,-0.865739,-0.328617,-0.94159,0.0736075,
		},
		{
		0.659172,0.180762,0.138069,255,255,255,0.862793,0.30249,0.366899,0.928448,0.0580469,0.930246,-0.366532,-0.0172437,0.00526617,0.0603245,-0.998165,
		},
		{
		0.659172,0.180762,0.138069,255,255,255,0.862793,0.30249,0.366899,0.928448,0.0580469,0.930246,-0.366525,-0.0173551,0.00516236,0.0603654,-0.998163,
		},
		{
		0.659172,0.180762,0.138069,255,255,255,0.862793,0.30249,0.366899,0.928448,0.0580469,0.93026,-0.366106,-0.024138,-0.00115958,0.0628549,-0.998022,
		},
		{
		0.659172,0.180762,0.138069,255,255,255,0.862793,0.30249,0.366899,0.928448,0.0580469,0.930119,-0.367217,-0.00548085,0.0162271,0.0560014,-0.998299,
		},
		{
		0.659172,0.180762,0.138069,255,255,255,0.862793,0.30249,0.366899,0.928448,0.0580469,0.930106,-0.367261,-0.00470412,0.0169508,0.0557157,-0.998303,
		},
		{
		0.659172,0.180762,0.138069,255,255,255,0.862793,0.30249,0.366899,0.928448,0.0580469,0.929643,-0.368215,0.0134806,0.0338897,0.0490168,-0.998223,
		},
		{
		0.659172,0.180762,0.138069,255,255,255,0.862793,0.30249,0.366899,0.928448,0.0580469,0.930224,-0.36672,-0.0140946,0.00820086,0.0591679,-0.998214,
		},
		{
		0.662029,0.181464,0.0381715,255,255,255,0.863281,0.332519,0.674623,0.738163,-0,0.738158,-0.674618,-0.00377727,-0.00278824,0.00254823,-0.999993,
		},
		{
		0.662029,0.181464,0.0381715,255,255,255,0.863281,0.332519,0.674623,0.738163,-0,0.738141,-0.674603,0.00763074,0.00563273,-0.00514787,-0.999971,
		},
		{
		0.662029,0.181464,0.0381715,255,255,255,0.863281,0.332519,0.674623,0.738163,-0,0.738163,-0.674623,2.408e-005,1.77749e-005,-1.62449e-005,-1,
		},
		{
		0.662029,0.181464,0.0381715,255,255,255,0.863281,0.332519,0.674623,0.738163,-0,0.738163,-0.674623,2.20478e-005,1.62748e-005,-1.48739e-005,-1,
		},
		{
		0.662029,0.181464,0.0381715,255,255,255,0.863281,0.332519,0.674623,0.738163,-0,0.73762,-0.674127,-0.03834,-0.0283012,0.025865,-0.999265,
		},
		{
		0.662029,0.181464,0.0381715,255,255,255,0.863281,0.332519,0.674623,0.738163,-0,-0.738163,0.674623,0.000201776,0.000148943,-0.000136123,1,
		},
		{
		0.662029,0.181464,0.0381715,255,255,255,0.863281,0.332519,0.674623,0.738163,-0,-0.0624739,0.0570962,0.996412,0.735514,-0.672202,0.0846343,
		},
		{
		0.662029,0.181464,0.0381715,255,255,255,0.863281,0.332519,0.674623,0.738163,-0,0.737685,-0.674186,0.0359846,0.0265625,-0.024276,-0.999352,
		},
		{
		0.654198,0.181464,-0.0609372,255,255,255,0.861328,0.36206,0.666357,0.738139,-0.105444,0.745522,-0.661996,0.0771861,-0.0128292,-0.130044,-0.991425,
		},
		{
		0.654198,0.181464,-0.0609372,255,255,255,0.861328,0.36206,0.666357,0.738139,-0.105444,0.745537,-0.661839,0.0783823,-0.0119296,-0.130843,-0.991331,
		},
		{
		0.654198,0.181464,-0.0609372,255,255,255,0.861328,0.36206,0.666357,0.738139,-0.105444,-0.217186,0.0568609,-0.974473,-0.713301,0.672248,0.198203,
		},
		{
		0.654198,0.181464,-0.0609372,255,255,255,0.861328,0.36206,0.666357,0.738139,-0.105444,0.729083,-0.674648,-0.115271,-0.156223,-6.57886e-005,-0.987722,
		},
		{
		0.654198,0.181464,-0.0609372,255,255,255,0.861328,0.36206,0.666357,0.738139,-0.105444,0.729083,-0.674648,-0.115272,-0.156224,-6.46263e-005,-0.987722,
		},
		{
		0.592888,0.181464,-0.249429,255,255,255,0.842773,0.418701,0.601078,0.738141,-0.306353,0.798749,-0.567595,0.199591,-0.0265587,-0.364669,-0.930758,
		},
		{
		0.592888,0.181464,-0.249429,255,255,255,0.842773,0.418701,0.601078,0.738141,-0.306353,0.798767,-0.567346,0.200226,-0.0260131,-0.365057,-0.930622,
		},
		{
		0.592888,0.181464,-0.249429,255,255,255,0.842773,0.418701,0.601078,0.738141,-0.306353,0.770437,-0.637086,-0.023393,-0.212441,-0.221965,-0.95163,
		},
		{
		0.592888,0.181464,-0.249429,255,255,255,0.842773,0.418701,0.601078,0.738141,-0.306353,-0.657272,0.674646,0.335926,0.454641,-0.000560254,0.890675,
		},
		{
		0.592888,0.181464,-0.249429,255,255,255,0.842773,0.418701,0.601078,0.738141,-0.306353,0.415664,0.0386582,0.908696,0.682589,-0.673538,-0.283582,
		},
		{
		0.541074,0.181464,-0.334167,255,255,255,0.827148,0.444336,0.545808,0.738141,-0.396538,0.832342,-0.532091,0.155195,-0.0964385,-0.414762,-0.904805,
		},
		{
		0.541074,0.181464,-0.334167,255,255,255,0.827148,0.444336,0.545808,0.738141,-0.396538,0.827956,-0.547836,0.119849,-0.128773,-0.39373,-0.910162,
		},
		{
		0.541074,0.181464,-0.334167,255,255,255,0.827148,0.444336,0.545808,0.738141,-0.396538,0.826099,-0.553222,0.107267,-0.140195,-0.386127,-0.91173,
		},
		{
		0.541074,0.181464,-0.334167,255,255,255,0.827148,0.444336,0.545808,0.738141,-0.396538,0.837077,-0.501445,0.218759,-0.037367,-0.451333,-0.891573,
		},
		{
		0.541074,0.181464,-0.334167,255,255,255,0.827148,0.444336,0.545808,0.738141,-0.396538,0.765903,-0.631434,-0.121177,-0.339833,-0.23757,-0.909986,
		},
		{
		0.541074,0.181464,-0.334167,255,255,255,0.827148,0.444336,0.545808,0.738141,-0.396538,0.780775,-0.619793,-0.0790385,-0.304113,-0.266467,-0.91461,
		},
		{
		0.541074,0.181464,-0.334167,255,255,255,0.827148,0.444336,0.545808,0.738141,-0.396538,0.773369,-0.625918,-0.100633,-0.322482,-0.251743,-0.912486,
		},
		{
		0.48005,0.180762,-0.413375,255,255,255,0.808594,0.468018,0.262682,0.928437,-0.262682,0.962463,-0.271392,0.00324237,-0.0682796,-0.253674,-0.964877,
		},
		{
		0.48005,0.180762,-0.413375,255,255,255,0.808594,0.468018,0.262682,0.928437,-0.262682,0.961414,-0.274915,-0.0102601,-0.0817413,-0.249851,-0.964828,
		},
		{
		0.48005,0.180762,-0.413375,255,255,255,0.808594,0.468018,0.262682,0.928437,-0.262682,0.957452,-0.284535,-0.0482235,-0.119515,-0.238838,-0.963677,
		},
		{
		0.48005,0.180762,-0.413375,255,255,255,0.808594,0.468018,0.262682,0.928437,-0.262682,0.959419,-0.28026,-0.0311469,-0.102537,-0.243841,-0.96438,
		},
		{
		0.48005,0.180762,-0.413375,255,255,255,0.808594,0.468018,0.262682,0.928437,-0.262682,0.964416,-0.261099,0.0415772,-0.0299842,-0.264257,-0.963986,
		},
		{
		0.48005,0.180762,-0.413375,255,255,255,0.808594,0.468018,0.262682,0.928437,-0.262682,0.957881,-0.283663,-0.0447089,-0.116023,-0.239874,-0.963846,
		},
		{
		0.476429,0.181464,-0.409761,255,255,255,0.807617,0.467041,0.476993,0.738211,-0.476993,0.874613,-0.45226,0.17468,-0.0867744,-0.500505,-0.861374,
		},
		{
		0.476429,0.181464,-0.409761,255,255,255,0.807617,0.467041,0.476993,0.738211,-0.476993,0.872892,-0.46128,0.158999,-0.102652,-0.492204,-0.864406,
		},
		{
		0.476429,0.181464,-0.409761,255,255,255,0.807617,0.467041,0.476993,0.738211,-0.476993,0.775814,-0.608679,-0.166201,-0.413027,-0.290781,-0.86305,
		},
		{
		0.476429,0.181464,-0.409761,255,255,255,0.807617,0.467041,0.476993,0.738211,-0.476993,0.758087,-0.620173,-0.201715,-0.444727,-0.265385,-0.855446,
		},
		{
		0.400842,0.181464,-0.474332,255,255,255,0.785156,0.486328,0.396473,0.738225,-0.545741,0.913561,-0.37595,0.15514,-0.0906434,-0.560077,-0.823467,
		},
		{
		0.400842,0.181464,-0.474332,255,255,255,0.785156,0.486328,0.396473,0.738225,-0.545741,0.917931,-0.328211,0.222891,-0.0145745,-0.589323,-0.807766,
		},
		{
		0.400842,0.181464,-0.474332,255,255,255,0.785156,0.486328,0.396473,0.738225,-0.545741,0.916673,-0.350844,0.191361,-0.0502026,-0.576136,-0.815811,
		},
		{
		0.400842,0.181464,-0.474332,255,255,255,0.785156,0.486328,0.396473,0.738225,-0.545741,0.916272,-0.355136,0.185266,-0.0570443,-0.573501,-0.817217,
		},
		{
		0.400842,0.181464,-0.474332,255,255,255,0.785156,0.486328,0.396473,0.738225,-0.545741,0.423686,-0.674501,-0.604598,-0.814432,0.00848384,-0.580197,
		},
		{
		0.400842,0.181464,-0.474332,255,255,255,0.785156,0.486328,0.396473,0.738225,-0.545741,0.423685,-0.674501,-0.604598,-0.814433,0.0084843,-0.580196,
		},
		{
		0.400842,0.181464,-0.474332,255,255,255,0.785156,0.486328,0.396473,0.738225,-0.545741,0.766461,-0.593379,-0.245842,-0.505318,-0.32082,-0.801079,
		},
		{
		0.225841,0.180762,-0.56917,255,255,255,0.732422,0.514648,0.114814,0.928429,-0.353323,0.98747,-0.145429,-0.0612608,-0.10826,-0.341862,-0.933494,
		},
		{
		0.225841,0.180762,-0.56917,255,255,255,0.732422,0.514648,0.114814,0.928429,-0.353323,0.98955,-0.138122,-0.0413844,-0.0872241,-0.344879,-0.934586,
		},
		{
		0.225841,0.180762,-0.56917,255,255,255,0.732422,0.514648,0.114814,0.928429,-0.353323,0.991634,-0.128238,-0.0147361,-0.0589909,-0.348675,-0.935385,
		},
		{
		0.225841,0.180762,-0.56917,255,255,255,0.732422,0.514648,0.114814,0.928429,-0.353323,0.990237,-0.135268,-0.0336618,-0.0790458,-0.346008,-0.934896,
		},
		{
		0.225841,0.180762,-0.56917,255,255,255,0.732422,0.514648,0.114814,0.928429,-0.353323,0.99322,-0.11381,0.023692,-0.0182154,-0.353647,-0.935201,
		},
		{
		0.225841,0.180762,-0.56917,255,255,255,0.732422,0.514648,0.114814,0.928429,-0.353323,0.993377,-0.108893,0.0366633,-0.00443517,-0.355192,-0.934783,
		},
		{
		0.0285041,0.181464,-0.595354,255,255,255,0.67334,0.522461,0,0.738163,-0.674623,0.999997,-0.0017158,-0.00187741,-0.00254335,-0.674621,-0.73816,
		},
		{
		0.0285041,0.181464,-0.595354,255,255,255,0.67334,0.522461,0,0.738163,-0.674623,0.999997,-0.00155236,-0.00169857,-0.00230108,-0.674621,-0.738161,
		},
		{
		0.0285041,0.181464,-0.595354,255,255,255,0.67334,0.522461,0,0.738163,-0.674623,0.999999,0.0010564,0.00115589,0.00156591,-0.674622,-0.738162,
		},
		{
		0.0285041,0.181464,-0.595354,255,255,255,0.67334,0.522461,0,0.738163,-0.674623,0.998867,0.0321094,0.0351336,0.0475961,-0.673858,-0.737326,
		},
		{
		0.0285041,0.181464,-0.595354,255,255,255,0.67334,0.522461,0,0.738163,-0.674623,0.000226819,0.674623,0.738163,1,-0.000153017,-0.000167429,
		},
		{
		0.0285041,0.181464,-0.595354,255,255,255,0.67334,0.522461,0,0.738163,-0.674623,0.996412,0.0570958,0.0624735,0.0846337,-0.672202,-0.735514,
		},
		{
		0.0285041,0.181464,-0.595354,255,255,255,0.67334,0.522461,0,0.738163,-0.674623,0.998867,-0.0321045,-0.0351283,-0.0475888,-0.673858,-0.737326,
		},
		{
		0.0377341,0.159496,-0.602144,255,255,255,0.70752,0.330078,0.873953,-0.383201,0.298937,-0.250694,0.1715,0.952754,-0.416364,-0.907604,0.0538166,
		},
		{
		0.0377341,0.159496,-0.602144,255,255,255,0.70752,0.330078,0.873953,-0.383201,0.298937,-0.361185,-0.100538,0.927058,-0.325195,-0.918177,-0.226272,
		},
		{
		0.0377341,0.159496,-0.602144,255,255,255,0.70752,0.330078,0.873953,-0.383201,0.298937,-0.422187,-0.293889,0.857547,-0.240758,-0.875663,-0.418628,
		},
		{
		0.0377341,0.159496,-0.602144,255,255,255,0.646973,0.354004,0.873953,-0.383201,0.298937,0.328398,0.0121869,-0.944461,0.358275,0.923585,0.136493,
		},
		{
		0.0377341,0.159496,-0.602144,255,255,255,0.646973,0.354004,0.873953,-0.383201,0.298937,0.320112,-0.00895613,-0.947337,0.365698,0.923622,0.11484,
		},
		{
		-0.0714002,0.180762,-0.592497,255,255,255,0.643066,0.521973,-0.0580469,0.928448,-0.366899,0.998312,0.0532253,-0.0232542,-0.00206196,-0.36763,-0.92997,
		},
		{
		-0.0714002,0.180762,-0.592497,255,255,255,0.643066,0.521973,-0.0580469,0.928448,-0.366899,0.99801,0.0630301,0.00160468,0.0246156,-0.366076,-0.930259,
		},
		{
		-0.0714002,0.180762,-0.592497,255,255,255,0.643066,0.521973,-0.0580469,0.928448,-0.366899,0.994966,0.083875,0.0548348,0.0816849,-0.36187,-0.928643,
		},
		{
		-0.0714002,0.180762,-0.592497,255,255,255,0.643066,0.521973,-0.0580469,0.928448,-0.366899,0.99814,0.0608306,-0.00398158,0.018622,-0.366448,-0.930252,
		},
		{
		-0.0714002,0.180762,-0.592497,255,255,255,0.643066,0.521973,-0.0580469,0.928448,-0.366899,0.997906,0.0644685,0.00526132,0.0285383,-0.365826,-0.930246,
		},
		{
		-0.0714002,0.180762,-0.592497,255,255,255,0.643066,0.521973,-0.0580469,0.928448,-0.366899,0.998284,0.0511465,-0.0285104,-0.00770478,-0.367925,-0.929824,
		},
		{
		-0.0714002,0.180762,-0.592497,255,255,255,0.643066,0.521973,-0.0580469,0.928448,-0.366899,0.998286,0.0512544,-0.0282376,-0.00741192,-0.36791,-0.929832,
		},
		{
		-0.167272,0.181464,-0.564363,255,255,255,0.614258,0.513184,-0.208478,0.738235,-0.641519,0.977986,0.163341,-0.129856,0.00892151,-0.654469,-0.756036,
		},
		{
		-0.167272,0.181464,-0.564363,255,255,255,0.614258,0.513184,-0.208478,0.738235,-0.641519,0.977771,0.172319,-0.119455,0.0223597,-0.652162,-0.757749,
		},
		{
		-0.167272,0.181464,-0.564363,255,255,255,0.614258,0.513184,-0.208478,0.738235,-0.641519,0.977656,0.17538,-0.115895,0.0269517,-0.651346,-0.758302,
		},
		{
		-0.167272,0.181464,-0.564363,255,255,255,0.614258,0.513184,-0.208478,0.738235,-0.641519,0.977381,0.181091,-0.109234,0.0355327,-0.649781,-0.75929,
		},
		{
		-0.167272,0.181464,-0.564363,255,255,255,0.614258,0.513184,-0.208478,0.738235,-0.641519,0.946649,0.317131,0.0573041,0.24575,-0.595346,-0.764964,
		},
		{
		-0.167272,0.181464,-0.564363,255,255,255,0.614258,0.513184,-0.208478,0.738235,-0.641519,0.237583,0.674511,0.698992,0.948731,-0.00668916,-0.316013,
		},
		{
		-0.167272,0.181464,-0.564363,255,255,255,0.614258,0.513184,-0.208478,0.738235,-0.641519,0.962743,0.0393968,-0.267532,-0.172228,-0.673392,-0.718944,
		},
		{
		-0.258842,0.184661,-0.525675,255,255,255,0.586914,0.501465,-0.383135,0.536738,-0.751745,0.901384,0.395039,-0.177347,0.201779,-0.745558,-0.63516,
		},
		{
		-0.258842,0.184661,-0.525675,255,255,255,0.586914,0.501465,-0.383135,0.536738,-0.751745,0.900612,0.397862,-0.174938,0.205194,-0.744055,-0.635828,
		},
		{
		-0.258842,0.184661,-0.525675,255,255,255,0.586914,0.501465,-0.383135,0.536738,-0.751745,0.883595,0.450151,-0.128932,0.269196,-0.713636,-0.646728,
		},
		{
		-0.258842,0.184661,-0.525675,255,255,255,0.586914,0.501465,-0.383135,0.536738,-0.751745,0.889878,0.43267,-0.144615,0.247637,-0.724368,-0.643403,
		},
		{
		-0.258842,0.184661,-0.525675,255,255,255,0.586914,0.501465,-0.383135,0.536738,-0.751745,0.823843,0.566611,-0.0153269,0.41772,-0.625192,-0.659276,
		},
		{
		-0.258842,0.184661,-0.525675,255,255,255,0.586914,0.501465,-0.383135,0.536738,-0.751745,0.860384,0.503483,-0.0790227,0.336076,-0.677065,-0.654703,
		},
		{
		-0.258842,0.184661,-0.525675,255,255,255,0.586914,0.501465,-0.383135,0.536738,-0.751745,0.893651,0.00952047,-0.448662,-0.233657,-0.843695,-0.483304,
		},
		{
		-0.343478,0.184661,-0.473861,255,255,255,0.561523,0.486328,-0.495938,0.536681,-0.682655,0.837289,0.503949,-0.212089,0.230199,-0.676763,-0.699286,
		},
		{
		-0.343478,0.184661,-0.473861,255,255,255,0.561523,0.486328,-0.495938,0.536681,-0.682655,0.818536,0.551381,-0.161176,0.289903,-0.638711,-0.712744,
		},
		{
		-0.343478,0.184661,-0.473861,255,255,255,0.561523,0.486328,-0.495938,0.536681,-0.682655,0.32309,0.843747,0.428606,0.806013,-0.00799695,-0.591843,
		},
		{
		-0.343478,0.184661,-0.473861,255,255,255,0.561523,0.486328,-0.495938,0.536681,-0.682655,0.323091,0.843747,0.428606,0.806013,-0.00799718,-0.591843,
		},
		{
		-0.343478,0.184661,-0.473861,255,255,255,0.561523,0.486328,-0.495938,0.536681,-0.682655,0.791696,0.602415,-0.101556,0.356738,-0.590821,-0.723649,
		},
		{
		-0.604397,0.184661,0.0381715,255,255,255,0.483154,0.332519,-0.843788,0.536676,-0,0.536673,0.843784,0.00335352,0.00179975,0.00282966,-0.999994,
		},
		{
		-0.604397,0.184661,0.0381715,255,255,255,0.483154,0.332519,-0.843788,0.536676,-0,0.536676,0.843789,-0.000109936,-5.90002e-005,-9.27631e-005,-1,
		},
		{
		-0.604397,0.184661,0.0381715,255,255,255,0.483154,0.332519,-0.843788,0.536676,-0,0.536676,0.843789,-0.000109772,-5.89121e-005,-9.26245e-005,-1,
		},
		{
		-0.604397,0.184661,0.0381715,255,255,255,0.483154,0.332519,-0.843788,0.536676,-0,0.536676,0.843788,2.80357e-006,1.50461e-006,2.36562e-006,-1,
		},
		{
		-0.604397,0.184661,0.0381715,255,255,255,0.483154,0.332519,-0.843788,0.536676,-0,0.536676,0.843789,2.80357e-006,1.50461e-006,2.36562e-006,-1,
		},
		{
		-0.596666,0.184661,0.137178,255,255,255,0.485352,0.302734,-0.833358,0.536772,0.131873,0.178465,0.035496,0.983306,0.523131,0.84298,-0.125376,
		},
		{
		-0.596666,0.184661,0.137178,255,255,255,0.485352,0.302734,-0.833358,0.536772,0.131873,-0.529681,-0.843723,0.0870074,0.157968,0.00265767,0.987441,
		},
		{
		-0.596666,0.184661,0.137178,255,255,255,0.485352,0.302734,-0.833358,0.536772,0.131873,0.534353,0.843395,-0.0561434,-0.141357,0.0236793,-0.989675,
		},
		{
		-0.596666,0.184661,0.137178,255,255,255,0.485352,0.302734,-0.833358,0.536772,0.131873,0.546808,0.835459,0.0548627,-0.0807258,0.117829,-0.989747,
		},
		{
		-0.596666,0.184661,0.137178,255,255,255,0.485352,0.302734,-0.833358,0.536772,0.131873,0.546443,0.835975,0.0504616,-0.0831561,0.114114,-0.989981,
		},
		{
		-0.596666,0.184661,0.137178,255,255,255,0.485352,0.302734,-0.833358,0.536772,0.131873,0.546605,0.835749,0.052401,-0.0820854,0.115751,-0.989881,
		},
		{
		-0.596666,0.184661,0.137178,255,255,255,0.485352,0.302734,-0.833358,0.536772,0.131873,0.546536,0.835846,0.0515677,-0.0825455,0.115048,-0.989924,
		},
		{
		-0.573523,0.184661,0.233746,255,255,255,0.492432,0.273682,-0.802449,0.536716,0.260789,0.576356,0.810327,0.105759,-0.154562,0.235173,-0.959585,
		},
		{
		-0.573523,0.184661,0.233746,255,255,255,0.492432,0.273682,-0.802449,0.536716,0.260789,0.508175,0.84374,-0.1728,-0.312783,-0.00613667,-0.949805,
		},
		{
		-0.573523,0.184661,0.233746,255,255,255,0.492432,0.273682,-0.802449,0.536716,0.260789,0.508176,0.84374,-0.172799,-0.312783,-0.00613576,-0.949805,
		},
		{
		-0.573523,0.184661,0.233746,255,255,255,0.492432,0.273682,-0.802449,0.536716,0.260789,-0.302781,0.0103729,-0.953004,-0.514198,-0.843699,0.154184,
		},
		{
		-0.573523,0.184661,0.233746,255,255,255,0.492432,0.273682,-0.802449,0.536716,0.260789,0.575202,0.812036,0.098692,-0.158801,0.229202,-0.960338,
		},
		{
		-0.0705094,0.184661,0.663342,255,255,255,0.643555,0.144653,-0.131875,0.53675,0.833371,0.982301,0.183575,0.0372072,-0.133015,0.823529,-0.55146,
		},
		{
		-0.0705094,0.184661,0.663342,255,255,255,0.643555,0.144653,-0.131875,0.53675,0.833371,0.990246,0.109465,0.0861963,-0.0449593,0.83661,-0.545951,
		},
		{
		-0.0705094,0.184661,0.663342,255,255,255,0.643555,0.144653,-0.131875,0.53675,0.833371,0.963924,0.265537,-0.0184902,-0.231215,0.800868,-0.552404,
		},
		{
		-0.0705094,0.184661,0.663342,255,255,255,0.643555,0.144653,-0.131875,0.53675,0.833371,0.964412,0.263837,-0.0173186,-0.22917,0.801429,-0.552442,
		},
		{
		-0.0705094,0.184661,0.663342,255,255,255,0.643555,0.144653,-0.131875,0.53675,0.833371,0.817512,0.534356,-0.214797,-0.560609,0.652965,-0.509268,
		},
		{
		-0.0705094,0.184661,0.663342,255,255,255,0.643555,0.144653,-0.131875,0.53675,0.833371,0.982309,0.183528,0.0372383,-0.13296,0.823539,-0.551458,
		},
		{
		0.127512,0.184661,0.663342,255,255,255,0.702637,0.144653,0.131872,0.536737,0.833381,0.990247,-0.109466,-0.0861926,0.0449641,0.836619,-0.545937,
		},
		{
		0.127512,0.184661,0.663342,255,255,255,0.702637,0.144653,0.131872,0.536737,0.833381,0.982307,-0.183537,-0.0372311,0.132973,0.823546,-0.551444,
		},
		{
		0.127512,0.184661,0.663342,255,255,255,0.702637,0.144653,0.131872,0.536737,0.833381,0.81787,-0.533941,0.214465,0.560088,0.653315,-0.509393,
		},
		{
		0.127512,0.184661,0.663342,255,255,255,0.702637,0.144653,0.131872,0.536737,0.833381,0.964431,-0.263771,0.0172722,0.229092,0.80146,-0.552429,
		},
		{
		0.127512,0.184661,0.663342,255,255,255,0.702637,0.144653,0.131872,0.536737,0.833381,0.963919,-0.265554,0.0185014,0.231238,0.800871,-0.55239,
		},
		{
		0.127512,0.184661,0.663342,255,255,255,0.702637,0.144653,0.131872,0.536737,0.833381,0.982308,-0.183534,-0.0372334,0.132969,0.823547,-0.551444,
		},
		{
		0.31586,0.184661,0.602133,255,255,255,0.759277,0.163086,0.383144,0.53675,0.751731,0.901845,-0.39332,-0.178817,0.199691,0.746457,-0.634764,
		},
		{
		0.31586,0.184661,0.602133,255,255,255,0.759277,0.163086,0.383144,0.53675,0.751731,0.626098,-0.749265,0.215878,0.679118,0.387945,-0.623135,
		},
		{
		0.31586,0.184661,0.602133,255,255,255,0.759277,0.163086,0.383144,0.53675,0.751731,0.700659,-0.699197,0.142126,0.601894,0.472253,-0.643973,
		},
		{
