return
{
vertex_count = 24,
	vertex =
	{
		{
		-0.431998,0.42839,0.919454,255,255,255,0.84061,0.613459,-0.399575,0.898919,0.17968,-0.816382,-0.4381,0.376284,0.416966,0.00366618,0.908914,
		},
		{
		-0.431998,0.42839,0.919454,255,255,255,0.008816,0.00899303,-0.399575,0.898919,0.17968,-0.0705466,0.165272,-0.983722,-0.913982,-0.405746,-0.002623,
		},
		{
		-0.431998,0.42839,0.919454,255,255,255,0.84061,0.613459,-0.399575,0.898919,0.17968,0.0722275,-0.164526,0.983725,0.913851,0.40605,0.000813715,
		},
		{
		0.403278,0.428524,0.920859,255,255,255,0.84087,0.99439,0.399362,0.898887,0.180311,-0.0739021,-0.164472,0.983609,0.91381,-0.406142,0.000745728,
		},
		{
		0.403278,0.428524,0.920859,255,255,255,0.84087,0.99439,0.399362,0.898887,0.180311,0.82163,-0.438173,0.364593,0.406736,0.00254424,-0.913542,
		},
		{
		0.403278,0.428524,0.920859,255,255,255,0.007877,0.603346,0.399362,0.898887,0.180311,0.0727227,0.164996,-0.98361,-0.913904,0.405929,0.000523679,
		},
		{
		0.402345,0.428725,-0.930071,255,255,255,0.149764,0.993243,0.39888,0.899224,-0.179697,0.0721788,0.164565,0.983722,0.914158,-0.405357,0.000736937,
		},
		{
		0.402345,0.428725,-0.930071,255,255,255,0.149764,0.993243,0.39888,0.899224,-0.179697,-0.820891,0.437487,0.367073,0.408696,0.0010938,0.91267,
		},
		{
		0.402345,0.428725,-0.930071,255,255,255,0.978848,0.603314,0.39888,0.899224,-0.179697,-0.0732454,-0.164092,-0.983722,-0.914073,0.405549,0.000410877,
		},
		{
		-0.4277,0.428524,-0.928763,255,255,255,0.978364,0.00979602,-0.399524,0.89884,-0.180185,0.0752542,-0.163733,-0.98363,-0.913629,-0.406544,-0.00222631,
		},
		{
		-0.4277,0.428524,-0.928763,255,255,255,0.150516,0.614696,-0.399524,0.89884,-0.180185,-0.0739472,0.164314,0.983632,0.913735,0.406309,0.000819266,
		},
		{
		-0.4277,0.428524,-0.928763,255,255,255,0.150516,0.614696,-0.399524,0.89884,-0.180185,0.816807,0.438268,0.375163,0.416181,0.00271036,-0.909278,
		},
		{
		-0.429429,0.0579166,-0.930071,255,255,255,0.978809,0.14957,-0.399362,-0.898887,-0.180311,0.0739822,0.164437,-0.983609,0.913803,-0.406156,0.000831932,
		},
		{
		-0.429429,0.0579166,-0.930071,255,255,255,0.978809,0.14957,-0.399362,-0.898887,-0.180311,0.0732904,0.164744,-0.98361,0.913859,-0.406031,8.73059e-005,
		},
		{
		-0.429429,0.0579166,-0.930071,255,255,255,0.012137,0.613459,-0.399362,-0.898887,-0.180311,-0.823252,0.438159,-0.360934,0.403444,0.00429812,-0.914994,
		},
		{
		0.403329,0.0583607,-0.930071,255,255,255,0.978817,0.463634,0.399575,-0.898919,-0.17968,-0.0731441,0.164118,-0.983725,0.913778,0.406214,-0.000172988,
		},
		{
		0.403329,0.0583607,-0.930071,255,255,255,0.978817,0.463634,0.399575,-0.898919,-0.17968,-0.0730108,0.164178,-0.983725,0.913788,0.40619,-2.95341e-005,
		},
		{
		0.403329,0.0583607,-0.930071,255,255,255,0.011474,0.99324,0.399575,-0.898919,-0.17968,0.82033,0.438115,-0.367578,0.409143,-0.000521868,0.91247,
		},
		{
		0.403804,0.0585958,0.917824,255,255,255,0.009437,0.46383,0.399524,-0.89884,0.180185,0.0729207,-0.16477,-0.983633,0.913818,0.406124,-0.000285685,
		},
		{
		0.403804,0.0585958,0.917824,255,255,255,0.979002,0.994465,0.399524,-0.89884,0.180185,-0.81188,-0.438206,-0.385779,0.425712,0.00783944,-0.904825,
		},
		{
		0.403804,0.0585958,0.917824,255,255,255,0.009437,0.46383,0.399524,-0.89884,0.180185,0.0731435,-0.164671,-0.983633,0.9138,0.406164,-4.59403e-005,
		},
		{
		-0.432112,0.0582877,0.920775,255,255,255,0.978802,0.613238,-0.39888,-0.899224,0.179697,0.818292,-0.437485,-0.372834,0.413876,-0.00167125,0.910332,
		},
		{
		-0.432112,0.0582877,0.920775,255,255,255,0.007877,0.148573,-0.39888,-0.899224,0.179697,-0.0717188,-0.164769,-0.983721,0.914194,-0.405274,0.00123193,
		},
		{
		-0.432112,0.0582877,0.920775,255,255,255,0.007877,0.148573,-0.39888,-0.899224,0.179697,-0.0727699,-0.164303,-0.983722,0.914111,-0.405464,0.000100814,
		},
	},
index_count = 36,
	indices =
	{
		{
2,3,10,
		},
		{
3,6,10,
		},
		{
7,17,11,
		},
		{
17,14,11,
		},
		{
5,18,8,
		},
		{
18,15,8,
		},
		{
0,21,4,
		},
		{
21,19,4,
		},
		{
1,9,22,
		},
		{
9,12,22,
		},
		{
23,13,20,
		},
		{
13,16,20,
		},
	},
}
