return
{
vertex_count = 4332,
	vertex =
	{
		{
		0.0868001,1.09949,-0.113389,255,255,255,1.13965,-0.94339,0.947879,0.275309,-0.160406,0.13924,0.0949112,0.9857,0.286596,-0.956659,0.0516304,
		},
		{
		0.0868001,1.09949,-0.113389,255,255,255,1.13965,-0.94339,0.947879,0.275309,-0.160406,0.13924,0.0949112,0.9857,0.286596,-0.956659,0.0516304,
		},
		{
		0,1.07507,-0.131003,255,255,255,1.07227,-0.949219,0.119634,0.842261,-0.525627,-0.905099,0.310108,0.290911,-0.408024,-0.440942,-0.799429,
		},
		{
		0,1.07507,-0.131003,255,255,255,1.07227,-0.949219,0.119634,0.842261,-0.525627,-0.946488,0.256599,0.195749,-0.299747,-0.474082,-0.827888,
		},
		{
		-0.0105847,1.07272,-0.137185,255,255,255,1.07813,-0.941345,-0.106511,0.395495,-0.912272,-0.933695,0.275667,0.228521,-0.341862,-0.876123,-0.33991,
		},
		{
		-0.0105847,1.07272,-0.137185,255,255,255,1.07813,-0.941345,-0.106511,0.395495,-0.912272,-0.92534,0.29633,0.236504,-0.363869,-0.869352,-0.334405,
		},
		{
		-0.0105847,1.07272,-0.137185,255,255,255,1.07813,-0.941345,-0.106511,0.395495,-0.912272,-0.91638,0.317022,0.244429,-0.385881,-0.862021,-0.328657,
		},
		{
		-0.0105847,1.07272,-0.137185,255,255,255,1.07813,-0.941345,-0.106511,0.395495,-0.912272,-0.917565,0.314362,0.243414,-0.383053,-0.862995,-0.329409,
		},
		{
		-0.0105847,1.07272,-0.137185,255,255,255,1.07813,-0.941345,-0.106511,0.395495,-0.912272,-0.947301,0.238414,0.21396,-0.302119,-0.886985,-0.349259,
		},
		{
		-0.0105847,1.07272,-0.137185,255,255,255,1.07813,-0.941345,-0.106511,0.395495,-0.912272,-0.925565,0.295791,0.236297,-0.363296,-0.869535,-0.334551,
		},
		{
		-0.0165344,1.08145,-0.12783,255,255,255,1.08496,-0.949799,0.182015,0.773991,-0.606472,-0.931324,0.333562,0.146188,-0.315445,-0.538214,-0.78155,
		},
		{
		-0.0552461,1.09775,-0.12098,255,255,255,1.11621,-0.950836,0.316511,0.845463,-0.430132,-0.926251,0.373283,0.0521429,-0.204646,-0.381907,-0.901259,
		},
		{
		-0.0552461,1.09775,-0.12098,255,255,255,1.11621,-0.950836,0.316511,0.845463,-0.430132,-0.917247,0.388377,0.0884376,-0.241824,-0.366546,-0.898424,
		},
		{
		-0.0552461,1.09775,-0.12098,255,255,255,1.11621,-0.950836,0.316511,0.845463,-0.430132,-0.741333,0.503365,0.443902,-0.591817,-0.178371,-0.78609,
		},
		{
		-0.0552461,1.09775,-0.12098,255,255,255,1.11621,-0.950836,0.316511,0.845463,-0.430132,-0.939017,0.343508,-0.015776,-0.134416,-0.408895,-0.902628,
		},
		{
		-0.0341566,1.08417,-0.132935,255,255,255,1.09668,-0.943481,-0.0083317,0.233562,-0.972306,-0.918847,0.381838,0.0995967,-0.394525,-0.894231,-0.211427,
		},
		{
		-0.0341566,1.08417,-0.132935,255,255,255,1.09668,-0.943481,-0.0083317,0.233562,-0.972306,-0.935175,0.342485,0.0902835,-0.354087,-0.910029,-0.215568,
		},
		{
		-0.0341566,1.08417,-0.132935,255,255,255,1.09668,-0.943481,-0.0083317,0.233562,-0.972306,-0.949131,0.304229,0.0812133,-0.314772,-0.923522,-0.219146,
		},
		{
		-0.0341566,1.08417,-0.132935,255,255,255,1.09668,-0.943481,-0.0083317,0.233562,-0.972306,-0.965096,0.252654,0.068961,-0.261763,-0.938944,-0.223305,
		},
		{
		-0.0341566,1.08417,-0.132935,255,255,255,1.09668,-0.943481,-0.0083317,0.233562,-0.972306,-0.967447,0.244065,0.0669181,-0.252936,-0.941212,-0.223926,
		},
		{
		-0.0341566,1.08417,-0.132935,255,255,255,1.09668,-0.943481,-0.0083317,0.233562,-0.972306,-0.927458,0.361703,0.0948337,-0.373835,-0.902563,-0.213605,
		},
		{
		-0.0595759,1.09796,-0.122997,255,255,255,1.11914,-0.948547,-0.214029,0.567102,-0.795353,-0.876315,0.248269,0.412836,-0.431582,-0.785339,-0.443824,
		},
		{
		-0.0595759,1.09796,-0.122997,255,255,255,1.11914,-0.948547,-0.214029,0.567102,-0.795353,-0.919691,0.157396,0.359715,-0.329181,-0.808469,-0.487872,
		},
		{
		-0.0595759,1.09796,-0.122997,255,255,255,1.11914,-0.948547,-0.214029,0.567102,-0.795353,-0.867151,0.264546,0.421976,-0.449711,-0.780007,-0.435143,
		},
		{
		-0.0595759,1.09796,-0.122997,255,255,255,1.11914,-0.948547,-0.214029,0.567102,-0.795353,-0.79705,0.369323,0.47782,-0.564715,-0.736204,-0.372963,
		},
		{
		-0.0595759,1.09796,-0.122997,255,255,255,1.11914,-0.948547,-0.214029,0.567102,-0.795353,-0.806758,0.356454,0.471256,-0.550757,-0.74252,-0.381223,
		},
		{
		-0.0595759,1.09796,-0.122997,255,255,255,1.11914,-0.948547,-0.214029,0.567102,-0.795353,-0.783861,0.386145,0.486265,-0.582884,-0.727521,-0.361883,
		},
		{
		-0.0595759,1.09796,-0.122997,255,255,255,1.11914,-0.948547,-0.214029,0.567102,-0.795353,-0.874878,0.250874,0.414307,-0.434488,-0.784511,-0.442451,
		},
		{
		-0.0690026,1.10713,-0.120377,255,255,255,1.12793,-0.952698,0.17997,0.431812,-0.883827,-0.88211,0.468462,0.0492563,-0.435308,-0.770767,-0.465214,
		},
		{
		-0.0690026,1.10713,-0.120377,255,255,255,1.12793,-0.952698,0.17997,0.431812,-0.883827,-0.923605,0.383346,-0.000778293,-0.338475,-0.816447,-0.467814,
		},
		{
		-0.0690026,1.10713,-0.120377,255,255,255,1.12793,-0.952698,0.17997,0.431812,-0.883827,-0.811957,0.572411,0.114328,-0.555281,-0.697054,-0.453629,
		},
		{
		-0.0690026,1.10713,-0.120377,255,255,255,1.12793,-0.952698,0.17997,0.431812,-0.883827,-0.905959,0.422789,0.0220856,-0.383209,-0.796736,-0.467293,
		},
		{
		-0.0690026,1.10713,-0.120377,255,255,255,1.12793,-0.952698,0.17997,0.431812,-0.883827,-0.828121,0.551416,0.100779,-0.530873,-0.713778,-0.45683,
		},
		{
		-0.0817474,1.102,-0.113633,255,255,255,1.1377,-0.946381,-0.380179,0.287645,-0.879048,-0.852654,0.259275,0.453605,-0.358392,-0.921975,-0.146691,
		},
		{
		-0.0817474,1.102,-0.113633,255,255,255,1.1377,-0.946381,-0.380179,0.287645,-0.879048,-0.749087,0.461723,0.475059,-0.542524,-0.839091,-0.0399336,
		},
		{
		-0.0817474,1.102,-0.113633,255,255,255,1.1377,-0.946381,-0.380179,0.287645,-0.879048,-0.753075,0.455511,0.474751,-0.536975,-0.842479,-0.0434421,
		},
		{
		-0.0817474,1.102,-0.113633,255,255,255,1.1377,-0.946381,-0.380179,0.287645,-0.879048,-0.772367,0.424129,0.472825,-0.508835,-0.858706,-0.0609223,
		},
		{
		-0.0817474,1.102,-0.113633,255,255,255,1.1377,-0.946381,-0.380179,0.287645,-0.879048,-0.834284,0.303651,0.460181,-0.399292,-0.908326,-0.124535,
		},
		{
		-0.0817474,1.102,-0.113633,255,255,255,1.1377,-0.946381,-0.380179,0.287645,-0.879048,-0.858104,0.244962,0.451278,-0.345141,-0.92588,-0.153699,
		},
		{
		-0.0817474,1.102,-0.113633,255,255,255,1.1377,-0.946381,-0.380179,0.287645,-0.879048,-0.851052,0.263372,0.454253,-0.36218,-0.920813,-0.144672,
		},
		{
		-0.064857,1.10747,-0.116084,255,255,255,1.12598,-0.955475,0.45446,0.670902,-0.585967,-0.879961,0.440287,-0.178368,-0.138326,-0.596689,-0.79046,
		},
		{
		-0.064857,1.10747,-0.116084,255,255,255,1.12598,-0.955475,0.45446,0.670902,-0.585967,-0.835008,0.549945,-0.0179517,-0.310206,-0.497445,-0.810136,
		},
		{
		-0.064857,1.10747,-0.116084,255,255,255,1.12598,-0.955475,0.45446,0.670902,-0.585967,-0.872262,0.468566,-0.140019,-0.180625,-0.574749,-0.798146,
		},
		{
		-0.0578813,1.09563,-0.128693,255,255,255,1.11523,-0.946381,-0.296096,0.524745,-0.798104,-0.785611,0.341458,0.515966,-0.54327,-0.779775,-0.311141,
		},
		{
		-0.0578813,1.09563,-0.128693,255,255,255,1.11523,-0.946381,-0.296096,0.524745,-0.798104,-0.899849,0.126958,0.417317,-0.320311,-0.841739,-0.434599,
		},
		{
		-0.0578813,1.09563,-0.128693,255,255,255,1.11523,-0.946381,-0.296096,0.524745,-0.798104,-0.897037,0.134253,0.42107,-0.328102,-0.840606,-0.430964,
		},
		{
		-0.0578813,1.09563,-0.128693,255,255,255,1.11523,-0.946381,-0.296096,0.524745,-0.798104,-0.949637,-0.0720153,0.304965,-0.102553,-0.848208,-0.51964,
		},
		{
		-0.0578813,1.09563,-0.128693,255,255,255,1.11523,-0.946381,-0.296096,0.524745,-0.798104,-0.79906,0.321688,0.507957,-0.523289,-0.788137,-0.324052,
		},
		{
		-0.0578813,1.09563,-0.128693,255,255,255,1.11523,-0.946381,-0.296096,0.524745,-0.798104,-0.714638,0.432684,0.549615,-0.633735,-0.733094,-0.246886,
		},
		{
		-0.0578813,1.09563,-0.128693,255,255,255,1.11523,-0.946381,-0.296096,0.524745,-0.798104,-0.835363,0.262884,0.482763,-0.463136,-0.809651,-0.360514,
		},
		{
		0.072981,1.06979,-0.119526,255,255,255,1.12207,-0.925659,0.0930522,-0.27641,-0.956524,0.994703,0.0679569,0.0771285,0.0436833,-0.958634,0.281269,
		},
		{
		0.072981,1.06979,-0.119526,255,255,255,1.12207,-0.925659,0.0930522,-0.27641,-0.956524,0.993914,0.0826767,0.0727983,0.0589601,-0.957477,0.282421,
		},
		{
		0.072981,1.06979,-0.119526,255,255,255,1.12207,-0.925659,0.0930522,-0.27641,-0.956524,0.99351,0.0888974,0.0709614,0.0654181,-0.956919,0.282888,
		},
		{
		0.072981,1.06979,-0.119526,255,255,255,1.12207,-0.925659,0.0930522,-0.27641,-0.956524,0.993383,0.0907321,0.0704186,0.0673231,-0.956747,0.283024,
		},
		{
		0.072981,1.06979,-0.119526,255,255,255,1.12207,-0.925659,0.0930522,-0.27641,-0.956524,0.991421,0.114288,0.0634209,0.0917888,-0.95422,0.284673,
		},
		{
		-0.0590242,1.08153,-0.12842,255,255,255,1.11328,-0.936829,-0.00158696,-0.0942718,-0.995545,-0.963001,0.268437,-0.0238842,-0.269493,-0.958673,0.0912098,
		},
		{
		-0.0590242,1.08153,-0.12842,255,255,255,1.11328,-0.936829,-0.00158696,-0.0942718,-0.995545,-0.999652,0.0263471,-0.000901397,-0.0263147,-0.995198,0.0942808,
		},
		{
		-0.0590242,1.08153,-0.12842,255,255,255,1.11328,-0.936829,-0.00158696,-0.0942718,-0.995545,-0.989273,0.145565,-0.0122071,-0.146068,-0.984847,0.0934915,
		},
		{
		-0.0590242,1.08153,-0.12842,255,255,255,1.11328,-0.936829,-0.00158696,-0.0942718,-0.995545,-0.990197,0.139195,-0.0116024,-0.139668,-0.985768,0.0935685,
		},
		{
		-0.0590242,1.08153,-0.12842,255,255,255,1.11328,-0.936829,-0.00158696,-0.0942718,-0.995545,-0.970887,0.238611,-0.0210473,-0.239532,-0.966529,0.0919059,
		},
		{
		-0.0607301,1.08598,-0.12823,255,255,255,1.11523,-0.939789,-0.154975,0.197976,-0.967878,-0.985863,0.0321762,0.164436,-0.0636972,-0.979679,-0.190191,
		},
		{
		-0.0607301,1.08598,-0.12823,255,255,255,1.11523,-0.939789,-0.154975,0.197976,-0.967878,-0.920893,0.325766,0.214086,-0.357686,-0.92449,-0.131829,
		},
		{
		-0.0607301,1.08598,-0.12823,255,255,255,1.11523,-0.939789,-0.154975,0.197976,-0.967878,-0.93323,0.292108,0.209177,-0.324137,-0.93567,-0.139488,
		},
		{
		-0.0607301,1.08598,-0.12823,255,255,255,1.11523,-0.939789,-0.154975,0.197976,-0.967878,-0.98436,0.0521381,0.168279,-0.0837786,-0.978819,-0.1868,
		},
		{
		-0.068121,1.09194,-0.117974,255,255,255,1.125,-0.942749,-0.122899,0.590234,-0.797822,-0.79339,0.424504,0.436267,-0.596178,-0.686601,-0.416114,
		},
		{
		-0.068121,1.09194,-0.117974,255,255,255,1.125,-0.942749,-0.122899,0.590234,-0.797822,-0.954198,0.15068,0.258462,-0.272768,-0.793045,-0.544681,
		},
		{
		-0.068121,1.09194,-0.117974,255,255,255,1.125,-0.942749,-0.122899,0.590234,-0.797822,-0.88856,0.292595,0.35334,-0.441992,-0.752338,-0.488498,
		},
		{
		-0.068121,1.09194,-0.117974,255,255,255,1.125,-0.942749,-0.122899,0.590234,-0.797822,-0.947947,0.168142,0.270417,-0.293756,-0.789527,-0.538845,
		},
		{
		-0.0674876,1.09007,-0.120765,255,255,255,1.12402,-0.941071,-0.546169,0.389789,-0.74146,-0.763544,0.132396,0.632038,-0.344528,-0.911337,-0.225311,
		},
		{
		-0.0674876,1.09007,-0.120765,255,255,255,1.12402,-0.941071,-0.546169,0.389789,-0.74146,-0.75903,0.144157,0.634895,-0.354363,-0.909551,-0.217127,
		},
		{
		-0.0674876,1.09007,-0.120765,255,255,255,1.12402,-0.941071,-0.546169,0.389789,-0.74146,-0.696682,0.280103,0.660436,-0.465116,-0.877272,-0.118576,
		},
		{
		-0.0674876,1.09007,-0.120765,255,255,255,1.12402,-0.941071,-0.546169,0.389789,-0.74146,-0.765091,0.128282,0.631014,-0.341079,-0.911925,-0.228161,
		},
		{
		-0.0674876,1.09007,-0.120765,255,255,255,1.12402,-0.941071,-0.546169,0.389789,-0.74146,-0.767519,0.121734,0.629361,-0.335579,-0.912823,-0.232684,
		},
		{
		-0.0674876,1.09007,-0.120765,255,255,255,1.12402,-0.941071,-0.546169,0.389789,-0.74146,-0.631819,0.38948,0.670157,-0.550004,-0.834488,-0.0335543,
		},
		{
		-0.0674876,1.09007,-0.120765,255,255,255,1.12402,-0.941071,-0.546169,0.389789,-0.74146,-0.693996,0.285142,0.661107,-0.469114,-0.875647,-0.114776,
		},
		{
		-0.0674876,1.09007,-0.120765,255,255,255,1.12402,-0.941071,-0.546169,0.389789,-0.74146,-0.786765,0.0651737,0.613803,-0.287578,-0.918595,-0.271077,
		},
		{
		-0.0674876,1.09007,-0.120765,255,255,255,1.12402,-0.941071,-0.546169,0.389789,-0.74146,-0.74728,0.173241,0.64153,-0.378513,-0.904462,-0.196663,
		},
		{
		-0.0648488,1.08887,-0.12551,255,255,255,1.11914,-0.940826,-0.611024,0.51733,-0.599182,-0.583805,0.2167,0.78244,-0.534623,-0.827895,-0.169611,
		},
		{
		-0.0648488,1.08887,-0.12551,255,255,255,1.11914,-0.940826,-0.611024,0.51733,-0.599182,-0.661844,0.0814042,0.745208,-0.434295,-0.851906,-0.292652,
		},
		{
		-0.0648488,1.08887,-0.12551,255,255,255,1.11914,-0.940826,-0.611024,0.51733,-0.599182,-0.692063,0.0183722,0.721603,-0.384315,-0.855589,-0.346799,
		},
		{
		-0.0648488,1.08887,-0.12551,255,255,255,1.11914,-0.940826,-0.611024,0.51733,-0.599182,-0.566101,0.243522,0.787544,-0.553334,-0.820406,-0.144064,
		},
		{
		-0.0648488,1.08887,-0.12551,255,255,255,1.11914,-0.940826,-0.611024,0.51733,-0.599182,-0.58087,0.221229,0.783357,-0.53781,-0.826697,-0.165326,
		},
		{
		-0.0648488,1.08887,-0.12551,255,255,255,1.11914,-0.940826,-0.611024,0.51733,-0.599182,-0.51604,0.313675,0.797064,-0.600293,-0.796227,-0.0753004,
		},
		{
		-0.0648488,1.08887,-0.12551,255,255,255,1.11914,-0.940826,-0.611024,0.51733,-0.599182,-0.512064,0.318928,0.797544,-0.603689,-0.794138,-0.0700334,
		},
		{
		-0.0656449,1.08141,-0.130002,255,255,255,1.11719,-0.936157,-0.39183,-0.109348,-0.913517,-0.899018,0.256535,0.354903,-0.195541,-0.96033,0.198824,
		},
		{
		-0.0656449,1.08141,-0.130002,255,255,255,1.11719,-0.936157,-0.39183,-0.109348,-0.913517,-0.90523,0.223246,0.361553,-0.164403,-0.96861,0.18646,
		},
		{
		-0.0656449,1.08141,-0.130002,255,255,255,1.11719,-0.936157,-0.39183,-0.109348,-0.913517,-0.905227,0.223264,0.361549,-0.16442,-0.968605,0.186467,
		},
		{
		-0.0656449,1.08141,-0.130002,255,255,255,1.11719,-0.936157,-0.39183,-0.109348,-0.913517,-0.885525,0.314225,0.342211,-0.249629,-0.94303,0.219954,
		},
		{
		-0.0656449,1.08141,-0.130002,255,255,255,1.11719,-0.936157,-0.39183,-0.109348,-0.913517,-0.892035,0.288258,0.348111,-0.225263,-0.951289,0.210491,
		},
		{
		-0.0656449,1.08141,-0.130002,255,255,255,1.11719,-0.936157,-0.39183,-0.109348,-0.913517,-0.894548,0.27738,0.350491,-0.215066,-0.954517,0.206503,
		},
		{
		-0.0656449,1.08141,-0.130002,255,255,255,1.11719,-0.936157,-0.39183,-0.109348,-0.913517,-0.905905,0.219223,0.362324,-0.160644,-0.969528,0.184957,
		},
		{
		-0.0656449,1.08141,-0.130002,255,255,255,1.11719,-0.936157,-0.39183,-0.109348,-0.913517,-0.900526,0.248984,0.356454,-0.188473,-0.962315,0.19603,
		},
		{
		-0.0601939,1.07777,-0.127321,255,255,255,1.11328,-0.933838,-0.14179,-0.331921,-0.93259,-0.968102,0.243102,0.0606659,-0.206578,-0.911444,0.355803,
		},
		{
		-0.0601939,1.07777,-0.127321,255,255,255,1.11328,-0.933838,-0.14179,-0.331921,-0.93259,-0.969228,0.238063,0.0626305,-0.201227,-0.912773,0.355462,
		},
		{
		-0.0601939,1.07777,-0.127321,255,255,255,1.11328,-0.933838,-0.14179,-0.331921,-0.93259,-0.973111,0.219496,0.0698291,-0.181522,-0.917415,0.354119,
		},
		{
		-0.0601939,1.07777,-0.127321,255,255,255,1.11328,-0.933838,-0.14179,-0.331921,-0.93259,-0.971572,0.227098,0.0668896,-0.189587,-0.915563,0.354686,
		},
		{
		-0.0601939,1.07777,-0.127321,255,255,255,1.11328,-0.933838,-0.14179,-0.331921,-0.93259,-0.939011,0.34327,0.0205915,-0.313296,-0.878632,0.36035,
		},
		{
		-0.0601939,1.07777,-0.127321,255,255,255,1.11328,-0.933838,-0.14179,-0.331921,-0.93259,-0.983941,0.150446,0.0960515,-0.108423,-0.931233,0.347923,
		},
		{
		-0.0601939,1.07777,-0.127321,255,255,255,1.11328,-0.933838,-0.14179,-0.331921,-0.93259,-0.973651,0.216745,0.0708901,-0.178605,-0.918069,0.353908,
		},
		{
		-0.0351646,1.06843,-0.129475,255,255,255,1.0957,-0.931335,-0.190165,-0.199229,-0.961325,-0.960593,0.23996,0.14029,-0.20273,-0.950119,0.23701,
		},
		{
		-0.0351646,1.06843,-0.129475,255,255,255,1.0957,-0.931335,-0.190165,-0.199229,-0.961325,-0.938717,0.323633,0.118622,-0.287484,-0.92497,0.248564,
		},
		{
		-0.0351646,1.06843,-0.129475,255,255,255,1.0957,-0.931335,-0.190165,-0.199229,-0.961325,-0.961421,0.236035,0.141267,-0.198761,-0.951102,0.236429,
		},
		{
		-0.0351646,1.06843,-0.129475,255,255,255,1.0957,-0.931335,-0.190165,-0.199229,-0.961325,-0.958577,0.249182,0.13798,-0.212056,-0.947742,0.238362,
		},
		{
		-0.0351646,1.06843,-0.129475,255,255,255,1.0957,-0.931335,-0.190165,-0.199229,-0.961325,-0.954496,0.266647,0.133553,-0.229727,-0.942978,0.240871,
		},
		{
		-0.0681851,1.08591,-0.125277,255,255,255,1.12109,-0.93808,-0.697816,0.339676,-0.630613,-0.563886,0.282376,0.776078,-0.441685,-0.897153,0.00550812,
		},
		{
		-0.0681851,1.08591,-0.125277,255,255,255,1.12109,-0.93808,-0.697816,0.339676,-0.630613,-0.618845,0.157409,0.76958,-0.360672,-0.927277,-0.100364,
		},
		{
		-0.0681851,1.08591,-0.125277,255,255,255,1.12109,-0.93808,-0.697816,0.339676,-0.630613,-0.678215,-0.0301601,0.734245,-0.230386,-0.940059,-0.251419,
		},
		{
		-0.0681851,1.08591,-0.125277,255,255,255,1.12109,-0.93808,-0.697816,0.339676,-0.630613,-0.543949,0.321495,0.775087,-0.466018,-0.88389,0.0395783,
		},
		{
		-0.0810626,1.09775,-0.115881,255,255,255,1.13477,-0.943726,-0.310406,0.0941807,-0.945927,-0.909145,0.261256,0.324347,-0.277676,-0.960664,-0.00452868,
		},
		{
		-0.0810626,1.09775,-0.115881,255,255,255,1.13477,-0.943726,-0.310406,0.0941807,-0.945927,-0.92653,0.19255,0.323212,-0.212579,-0.976757,-0.0274926,
		},
		{
		-0.0810626,1.09775,-0.115881,255,255,255,1.13477,-0.943726,-0.310406,0.0941807,-0.945927,-0.87712,0.355254,0.323197,-0.366483,-0.930013,0.027665,
		},
		{
		-0.0810626,1.09775,-0.115881,255,255,255,1.13477,-0.943726,-0.310406,0.0941807,-0.945927,-0.871265,0.369793,0.322724,-0.380192,-0.924328,0.0327295,
		},
		{
		-0.0810626,1.09775,-0.115881,255,255,255,1.13477,-0.943726,-0.310406,0.0941807,-0.945927,-0.931089,0.170473,0.32251,-0.191629,-0.980851,-0.0347748,
		},
		{
		0.0643114,1.07589,-0.125225,255,255,255,1.11621,-0.931519,0.337387,-0.470358,-0.815435,0.940891,0.140964,0.307984,-0.0299158,-0.871145,0.490114,
		},
		{
		0.0643114,1.07589,-0.125225,255,255,255,1.11621,-0.931519,0.337387,-0.470358,-0.815435,0.941002,0.14442,0.306036,-0.0261813,-0.870578,0.491333,
		},
		{
		0.0643114,1.07589,-0.125225,255,255,255,1.11621,-0.931519,0.337387,-0.470358,-0.815435,0.939651,0.115999,0.32187,-0.0568043,-0.874819,0.481108,
		},
		{
		0.0643114,1.07589,-0.125225,255,255,255,1.11621,-0.931519,0.337387,-0.470358,-0.815435,0.923363,0.333952,0.189413,0.183224,-0.816848,0.546982,
		},
		{
		0.0643114,1.07589,-0.125225,255,255,255,1.11621,-0.931519,0.337387,-0.470358,-0.815435,0.904625,0.401641,0.142615,0.260432,-0.785779,0.561005,
		},
		{
		-0.078435,1.0923,-0.11702,255,255,255,1.13184,-0.94043,-0.193462,-0.157357,-0.968407,-0.958982,0.238772,0.152781,-0.207187,-0.958242,0.197096,
		},
		{
		-0.078435,1.0923,-0.11702,255,255,255,1.13184,-0.94043,-0.193462,-0.157357,-0.968407,-0.958427,0.241319,0.152256,-0.209737,-0.957603,0.197502,
		},
		{
		-0.078435,1.0923,-0.11702,255,255,255,1.13184,-0.94043,-0.193462,-0.157357,-0.968407,-0.944057,0.29855,0.140086,-0.267074,-0.941332,0.206312,
		},
		{
		-0.078435,1.0923,-0.11702,255,255,255,1.13184,-0.94043,-0.193462,-0.157357,-0.968407,-0.955392,0.254723,0.149471,-0.223155,-0.954125,0.199617,
		},
		{
		-0.078435,1.0923,-0.11702,255,255,255,1.13184,-0.94043,-0.193462,-0.157357,-0.968407,-0.95491,0.256774,0.149042,-0.225209,-0.953575,0.199938,
		},
		{
		-0.0808429,1.07934,-0.112917,255,255,255,1.13281,-0.930603,-0.709081,0.104559,-0.697332,-0.662094,0.241462,0.709456,-0.242559,-0.964761,0.101989,
		},
		{
		-0.0808429,1.07934,-0.112917,255,255,255,1.13281,-0.930603,-0.709081,0.104559,-0.697332,-0.646445,0.298588,0.702107,-0.281626,-0.948637,0.144132,
		},
		{
		-0.0808429,1.07934,-0.112917,255,255,255,1.13281,-0.930603,-0.709081,0.104559,-0.697332,-0.643892,0.307086,0.700786,-0.287414,-0.945921,0.150424,
		},
		{
		-0.0808429,1.07934,-0.112917,255,255,255,1.13281,-0.930603,-0.709081,0.104559,-0.697332,-0.67386,0.190739,0.713814,-0.207643,-0.976057,0.0647913,
		},
		{
		-0.0808429,1.07934,-0.112917,255,255,255,1.13281,-0.930603,-0.709081,0.104559,-0.697332,-0.503692,0.616966,0.604688,-0.493455,-0.780013,0.384814,
		},
		{
		-0.0808429,1.07934,-0.112917,255,255,255,1.13281,-0.930603,-0.709081,0.104559,-0.697332,-0.566775,0.503819,0.651868,-0.419487,-0.857458,0.297987,
		},
		{
		-0.0808429,1.07934,-0.112917,255,255,255,1.13281,-0.930603,-0.709081,0.104559,-0.697332,-0.611556,0.401093,0.682,-0.351004,-0.910051,0.220464,
		},
		{
		-0.0808429,1.07934,-0.112917,255,255,255,1.13281,-0.930603,-0.709081,0.104559,-0.697332,-0.641855,0.313731,0.699711,-0.291935,-0.943738,0.155349,
		},
		{
		-0.0814879,1.0754,-0.115742,255,255,255,1.13086,-0.928162,-0.686693,0.562478,-0.460512,-0.407406,0.226877,0.884617,-0.602057,-0.795076,-0.0733617,
		},
		{
		-0.0814879,1.0754,-0.115742,255,255,255,1.13086,-0.928162,-0.686693,0.562478,-0.460512,-0.474322,0.133372,0.87019,-0.550882,-0.815984,-0.17521,
		},
		{
		-0.0814879,1.0754,-0.115742,255,255,255,1.13086,-0.928162,-0.686693,0.562478,-0.460512,-0.409069,0.224678,0.884411,-0.600928,-0.7957,-0.0758075,
		},
		{
		-0.0814879,1.0754,-0.115742,255,255,255,1.13086,-0.928162,-0.686693,0.562478,-0.460512,-0.397005,0.2405,0.885746,-0.608966,-0.791061,-0.0581567,
		},
		{
		-0.0814879,1.0754,-0.115742,255,255,255,1.13086,-0.928162,-0.686693,0.562478,-0.460512,-0.24661,0.415672,0.875443,-0.683839,-0.714728,0.146726,
		},
		{
		-0.0814879,1.0754,-0.115742,255,255,255,1.13086,-0.928162,-0.686693,0.562478,-0.460512,-0.379357,0.263114,0.887051,-0.620114,-0.78383,-0.0327011,
		},
		{
		-0.0790507,1.07532,-0.119041,255,255,255,1.12793,-0.928894,-0.544975,0.376175,-0.749329,-0.641031,0.389127,0.661559,-0.540446,-0.840876,-0.0290756,
		},
		{
		-0.0790507,1.07532,-0.119041,255,255,255,1.12793,-0.928894,-0.544975,0.376175,-0.749329,-0.685664,0.314414,0.656513,-0.482563,-0.871571,-0.0865821,
		},
		{
		-0.0790507,1.07532,-0.119041,255,255,255,1.12793,-0.928894,-0.544975,0.376175,-0.749329,-0.803453,0.0212184,0.59499,-0.23972,-0.926306,-0.290676,
		},
		{
		-0.0790507,1.07532,-0.119041,255,255,255,1.12793,-0.928894,-0.544975,0.376175,-0.749329,-0.787541,0.0770183,0.61143,-0.287717,-0.923342,-0.254281,
		},
		{
		-0.0790507,1.07532,-0.119041,255,255,255,1.12793,-0.928894,-0.544975,0.376175,-0.749329,-0.61681,0.425488,0.662198,-0.567933,-0.823075,-0.000148505,
		},
		{
		-0.0790507,1.07532,-0.119041,255,255,255,1.12793,-0.928894,-0.544975,0.376175,-0.749329,-0.688319,0.309594,0.656025,-0.478768,-0.873295,-0.0902076,
		},
		{
		-0.0790507,1.07532,-0.119041,255,255,255,1.12793,-0.928894,-0.544975,0.376175,-0.749329,-0.810421,-0.00717682,0.585804,-0.214987,-0.926521,-0.308772,
		},
		{
		-0.0695824,1.08199,-0.12385,255,255,255,1.12109,-0.934998,-0.563232,-0.170511,-0.808515,-0.822163,0.21342,0.527731,-0.0825694,-0.961966,0.260393,
		},
		{
		-0.0695824,1.08199,-0.12385,255,255,255,1.12109,-0.934998,-0.563232,-0.170511,-0.808515,-0.818567,0.248682,0.517789,-0.112774,-0.953459,0.27964,
		},
		{
		-0.0695824,1.08199,-0.12385,255,255,255,1.12109,-0.934998,-0.563232,-0.170511,-0.808515,-0.818254,0.251302,0.517018,-0.115024,-0.952771,0.281062,
		},
		{
		-0.0695824,1.08199,-0.12385,255,255,255,1.12109,-0.934998,-0.563232,-0.170511,-0.808515,-0.820842,0.227727,0.523793,-0.0948086,-0.958679,0.268226,
		},
		{
		-0.0695824,1.08199,-0.12385,255,255,255,1.12109,-0.934998,-0.563232,-0.170511,-0.808515,-0.817171,0.259982,0.514433,-0.122482,-0.95044,0.285766,
		},
		{
		-0.068094,1.07772,-0.123611,255,255,255,1.11914,-0.93219,-0.51449,-0.330521,-0.791237,-0.857236,0.175516,0.484087,0.0211262,-0.927335,0.373636,
		},
		{
		-0.068094,1.07772,-0.123611,255,255,255,1.11914,-0.93219,-0.51449,-0.330521,-0.791237,-0.856658,0.238915,0.457228,-0.0379146,-0.913058,0.406063,
		},
		{
		-0.068094,1.07772,-0.123611,255,255,255,1.11914,-0.93219,-0.51449,-0.330521,-0.791237,-0.856967,0.230597,0.460904,-0.0301185,-0.915194,0.401886,
		},
		{
		-0.068094,1.07772,-0.123611,255,255,255,1.11914,-0.93219,-0.51449,-0.330521,-0.791237,-0.85705,0.227976,0.462052,-0.0276649,-0.915851,0.400565,
		},
		{
		-0.068094,1.07772,-0.123611,255,255,255,1.11914,-0.93219,-0.51449,-0.330521,-0.791237,-0.857399,0.212224,0.468859,-0.0129511,-0.919629,0.392575,
		},
		{
		-0.0753409,1.07361,-0.120038,255,255,255,1.125,-0.928284,-0.165658,-0.0567656,-0.984548,-0.972523,0.174997,0.153545,-0.163577,-0.982931,0.0841955,
		},
		{
		-0.0753409,1.07361,-0.120038,255,255,255,1.125,-0.928284,-0.165658,-0.0567656,-0.984548,-0.967484,0.202845,0.151092,-0.191134,-0.977564,0.0885227,
		},
		{
		-0.0753409,1.07361,-0.120038,255,255,255,1.125,-0.928284,-0.165658,-0.0567656,-0.984548,-0.972923,0.172575,0.153752,-0.161181,-0.983359,0.0838171,
		},
		{
		-0.0753409,1.07361,-0.120038,255,255,255,1.125,-0.928284,-0.165658,-0.0567656,-0.984548,-0.986182,0.00824907,0.165457,0.00127069,-0.998354,0.0573478,
		},
		{
		-0.0753409,1.07361,-0.120038,255,255,255,1.125,-0.928284,-0.165658,-0.0567656,-0.984548,-0.978149,0.136633,0.156704,-0.125626,-0.988994,0.0781596,
		},
		{
		-0.0826331,1.08865,-0.114387,255,255,255,1.13477,-0.936768,-0.496728,-0.491082,-0.715611,-0.864012,0.357822,0.354185,-0.0821274,-0.79423,0.602041,
		},
		{
		-0.0826331,1.08865,-0.114387,255,255,255,1.13477,-0.936768,-0.496728,-0.491082,-0.715611,-0.863646,0.19809,0.463547,0.0858842,-0.848292,0.522518,
		},
		{
		-0.0826331,1.08865,-0.114387,255,255,255,1.13477,-0.936768,-0.496728,-0.491082,-0.715611,-0.828291,0.514496,0.221875,-0.25922,-0.702946,0.662324,
		},
		{
		-0.0826331,1.08865,-0.114387,255,255,255,1.13477,-0.936768,-0.496728,-0.491082,-0.715611,-0.853873,0.128845,0.504282,0.155441,-0.861532,0.483323,
		},
		{
		-0.0826331,1.08865,-0.114387,255,255,255,1.13477,-0.936768,-0.496728,-0.491082,-0.715611,-0.803894,-0.0504495,0.592629,0.327132,-0.869651,0.369718,
		},
		{
		-0.0885577,1.09417,-0.112137,255,255,255,1.14063,-0.939575,-0.870166,-0.188334,-0.455348,-0.492718,0.344399,0.799136,-0.00631642,-0.919739,0.39248,
		},
		{
		-0.0885577,1.09417,-0.112137,255,255,255,1.14063,-0.939575,-0.870166,-0.188334,-0.455348,-0.486912,0.470571,0.735853,-0.0756869,-0.862028,0.501177,
		},
		{
		-0.0885577,1.09417,-0.112137,255,255,255,1.14063,-0.939575,-0.870166,-0.188334,-0.455348,-0.468803,0.031789,0.882731,0.151774,-0.98159,0.115953,
		},
		{
		-0.0885577,1.09417,-0.112137,255,255,255,1.14063,-0.939575,-0.870166,-0.188334,-0.455348,-0.491792,0.274067,0.826455,0.030854,-0.943089,0.331105,
		},
		{
		-0.0885577,1.09417,-0.112137,255,255,255,1.14063,-0.939575,-0.870166,-0.188334,-0.455348,-0.492736,0.323628,0.80776,0.00476602,-0.927252,0.374409,
		},
		{
		-0.0885577,1.09417,-0.112137,255,255,255,1.14063,-0.939575,-0.870166,-0.188334,-0.455348,-0.484949,0.163437,0.859135,0.087384,-0.96841,0.23355,
		},
		{
		-0.0885577,1.09417,-0.112137,255,255,255,1.14063,-0.939575,-0.870166,-0.188334,-0.455348,-0.492757,0.329651,0.805308,0.00156149,-0.925127,0.379654,
		},
		{
		-0.0885577,1.09417,-0.112137,255,255,255,1.14063,-0.939575,-0.870166,-0.188334,-0.455348,-0.48258,0.512567,0.710206,-0.0996398,-0.837738,0.536904,
		},
		{
		-0.0819023,1.08223,-0.109874,255,255,255,1.13574,-0.931274,-0.867802,-0.219033,-0.446032,-0.495071,0.458276,0.738166,-0.0427228,-0.861399,0.506129,
		},
		{
		-0.0819023,1.08223,-0.109874,255,255,255,1.13574,-0.931274,-0.867802,-0.219033,-0.446032,-0.495562,0.315393,0.809287,0.0365852,-0.923337,0.382244,
		},
		{
		-0.0819023,1.08223,-0.109874,255,255,255,1.13574,-0.931274,-0.867802,-0.219033,-0.446032,-0.495904,0.438849,0.749327,-0.0316133,-0.871456,0.489454,
		},
		{
		-0.0819023,1.08223,-0.109874,255,255,255,1.13574,-0.931274,-0.867802,-0.219033,-0.446032,-0.494949,0.460697,0.736739,-0.0441153,-0.860106,0.508204,
		},
		{
		0.0738101,1.06589,-0.117554,255,255,255,1.12305,-0.922424,0.309095,-0.376511,-0.873327,0.951023,0.126129,0.282216,0.00389455,-0.917786,0.397057,
		},
		{
		-0.0869145,1.10051,-0.11097,255,255,255,1.1416,-0.943939,-0.711955,0.17515,-0.680031,-0.641777,0.230777,0.731344,-0.285031,-0.957113,0.0518952,
		},
		{
		-0.0869145,1.10051,-0.11097,255,255,255,1.1416,-0.943939,-0.711955,0.17515,-0.680031,-0.502071,0.550095,0.667324,-0.490964,-0.816528,0.303705,
		},
		{
		-0.0869145,1.10051,-0.11097,255,255,255,1.1416,-0.943939,-0.711955,0.17515,-0.680031,-0.629443,0.270154,0.728573,-0.311323,-0.946752,0.0820903,
		},
		{
		-0.0869145,1.10051,-0.11097,255,255,255,1.1416,-0.943939,-0.711955,0.17515,-0.680031,-0.658241,0.170888,0.733155,-0.244622,-0.969598,0.00637378,
		},
		{
		-0.0869145,1.10051,-0.11097,255,255,255,1.1416,-0.943939,-0.711955,0.17515,-0.680031,-0.657386,0.17426,0.733129,-0.24691,-0.968997,0.00892355,
		},
		{
		-0.0869145,1.10051,-0.11097,255,255,255,1.1416,-0.943939,-0.711955,0.17515,-0.680031,-0.541623,0.479398,0.690523,-0.446951,-0.859942,0.246444,
		},
		{
		-0.0868001,1.09949,-0.113389,255,255,255,1.13965,-0.94339,-0.637882,0.407523,-0.653477,-0.547522,0.356752,0.756933,-0.541596,-0.840627,0.00443765,
		},
		{
		-0.0868001,1.09949,-0.113389,255,255,255,1.13965,-0.94339,-0.637882,0.407523,-0.653477,-0.569156,0.322168,0.756484,-0.518814,-0.854478,-0.0264389,
		},
		{
		-0.0868001,1.09949,-0.113389,255,255,255,1.13965,-0.94339,-0.637882,0.407523,-0.653477,-0.646506,0.177736,0.741917,-0.418494,-0.895732,-0.150091,
		},
		{
		-0.0868001,1.09949,-0.113389,255,255,255,1.13965,-0.94339,-0.637882,0.407523,-0.653477,-0.650191,0.169786,0.740557,-0.412745,-0.897272,-0.156664,
		},
		{
		-0.0868001,1.09949,-0.113389,255,255,255,1.13965,-0.94339,-0.637882,0.407523,-0.653477,-0.643226,0.184708,0.743063,-0.423518,-0.89432,-0.144307,
		},
		{
		-0.0887576,1.09416,-0.109002,255,255,255,1.14258,-0.938751,-0.708615,-0.180244,-0.682186,-0.700801,0.292307,0.650719,-0.0821193,-0.939185,0.333448,
		},
		{
		-0.0887576,1.09416,-0.109002,255,255,255,1.14258,-0.938751,-0.708615,-0.180244,-0.682186,-0.698963,0.311561,0.643723,-0.0965156,-0.932975,0.346761,
		},
		{
		-0.0887576,1.09416,-0.109002,255,255,255,1.14258,-0.938751,-0.708615,-0.180244,-0.682186,-0.698087,0.319755,0.640649,-0.102659,-0.930199,0.352409,
		},
		{
		-0.0887576,1.09416,-0.109002,255,255,255,1.14258,-0.938751,-0.708615,-0.180244,-0.682186,-0.697624,0.323893,0.639074,-0.105766,-0.928766,0.355257,
		},
		{
		-0.0887576,1.09416,-0.109002,255,255,255,1.14258,-0.938751,-0.708615,-0.180244,-0.682186,-0.696746,0.331391,0.636181,-0.111402,-0.926117,0.360412,
		},
		{
		-0.0883841,1.07766,-0.106064,255,255,255,1.14063,-0.926636,-0.749302,-0.0495933,-0.660369,-0.644292,0.285108,0.709648,-0.153083,-0.957212,0.245585,
		},
		{
		-0.0883841,1.07766,-0.106064,255,255,255,1.14063,-0.926636,-0.749302,-0.0495933,-0.660369,-0.598877,0.476371,0.643753,-0.282655,-0.877845,0.386646,
		},
		{
		-0.0883841,1.07766,-0.106064,255,255,255,1.14063,-0.926636,-0.749302,-0.0495933,-0.660369,-0.627039,0.37387,0.683405,-0.213,-0.926154,0.311239,
		},
		{
		-0.0883841,1.07766,-0.106064,255,255,255,1.14063,-0.926636,-0.749302,-0.0495933,-0.660369,-0.62785,0.370324,0.684591,-0.210599,-0.927578,0.308621,
		},
		{
		-0.0883841,1.07766,-0.106064,255,255,255,1.14063,-0.926636,-0.749302,-0.0495933,-0.660369,-0.59333,0.493165,0.636198,-0.29412,-0.868521,0.398955,
		},
		{
		-0.0883841,1.07766,-0.106064,255,255,255,1.14063,-0.926636,-0.749302,-0.0495933,-0.660369,-0.612781,0.430018,0.663011,-0.25109,-0.901457,0.352603,
		},
		{
		-0.0883841,1.07766,-0.106064,255,255,255,1.14063,-0.926636,-0.749302,-0.0495933,-0.660369,-0.644703,0.282527,0.710308,-0.151346,-0.957976,0.243671,
		},
		{
		-0.0873173,1.07025,-0.112717,255,255,255,1.13379,-0.923218,-0.886059,0.201792,-0.417348,-0.33359,0.347589,0.876299,-0.321895,-0.915676,0.240668,
		},
		{
		-0.0873173,1.07025,-0.112717,255,255,255,1.13379,-0.923218,-0.886059,0.201792,-0.417348,-0.362431,0.259781,0.895074,-0.289038,-0.944348,0.157046,
		},
		{
		-0.0873173,1.07025,-0.112717,255,255,255,1.13379,-0.923218,-0.886059,0.201792,-0.417348,-0.340844,0.326617,0.881559,-0.314205,-0.923364,0.220623,
		},
		{
		-0.0873173,1.07025,-0.112717,255,255,255,1.13379,-0.923218,-0.886059,0.201792,-0.417348,-0.3091,0.413768,0.856302,-0.34548,-0.887736,0.304249,
		},
		{
		-0.0873173,1.07025,-0.112717,255,255,255,1.13379,-0.923218,-0.886059,0.201792,-0.417348,-0.268023,0.511559,0.816377,-0.378236,-0.835217,0.399187,
		},
		{
		-0.0873173,1.07025,-0.112717,255,255,255,1.13379,-0.923218,-0.886059,0.201792,-0.417348,-0.339943,0.32926,0.880924,-0.315179,-0.922425,0.223146,
		},
		{
		-0.0873173,1.07025,-0.112717,255,255,255,1.13379,-0.923218,-0.886059,0.201792,-0.417348,-0.350006,0.29911,0.88771,-0.303966,-0.932638,0.194401,
		},
		{
		-0.0830918,1.07329,-0.117108,255,255,255,1.13086,-0.926697,-0.705389,0.396627,-0.587463,-0.396516,0.466181,0.790854,-0.587538,-0.790799,0.17157,
		},
		{
		-0.0830918,1.07329,-0.117108,255,255,255,1.13086,-0.926697,-0.705389,0.396627,-0.587463,-0.491359,0.323728,0.808559,-0.510874,-0.859004,0.0334683,
		},
		{
		-0.0830918,1.07329,-0.117108,255,255,255,1.13086,-0.926697,-0.705389,0.396627,-0.587463,-0.544,0.228396,0.807403,-0.454412,-0.889113,-0.0546568,
		},
		{
		-0.0830918,1.07329,-0.117108,255,255,255,1.13086,-0.926697,-0.705389,0.396627,-0.587463,-0.510095,0.291423,0.809244,-0.492168,-0.870494,0.00324932,
		},
		{
		-0.0830918,1.07329,-0.117108,255,255,255,1.13086,-0.926697,-0.705389,0.396627,-0.587463,-0.511549,0.288846,0.80925,-0.490657,-0.871353,0.00085476,
		},
		{
		-0.0796631,1.0685,-0.121533,255,255,255,1.12695,-0.924866,-0.267039,-0.26823,-0.925604,-0.952163,0.22152,0.210508,-0.148576,-0.93754,0.314553,
		},
		{
		-0.0796631,1.0685,-0.121533,255,255,255,1.12695,-0.924866,-0.267039,-0.26823,-0.925604,-0.961565,0.137853,0.237466,-0.0639021,-0.953441,0.294732,
		},
		{
		-0.0796631,1.0685,-0.121533,255,255,255,1.12695,-0.924866,-0.267039,-0.26823,-0.925604,-0.9602,0.155674,0.231908,-0.0818883,-0.950694,0.299125,
		},
		{
		-0.0796631,1.0685,-0.121533,255,255,255,1.12695,-0.924866,-0.267039,-0.26823,-0.925604,-0.959777,0.160451,0.230401,-0.0867132,-0.949899,0.300287,
		},
		{
		-0.0796631,1.0685,-0.121533,255,255,255,1.12695,-0.924866,-0.267039,-0.26823,-0.925604,-0.951779,0.223928,0.209699,-0.151022,-0.936968,0.315093,
		},
		{
		-0.0796631,1.0685,-0.121533,255,255,255,1.12695,-0.924866,-0.267039,-0.26823,-0.925604,-0.953429,0.213295,0.213256,-0.140226,-0.939446,0.312696,
		},
		{
		-0.0796631,1.0685,-0.121533,255,255,255,1.12695,-0.924866,-0.267039,-0.26823,-0.925604,-0.95646,0.191166,0.220543,-0.117788,-0.944197,0.3076,
		},
		{
		-0.0796631,1.0685,-0.121533,255,255,255,1.12695,-0.924866,-0.267039,-0.26823,-0.925604,-0.961187,0.143254,0.235792,-0.0693502,-0.952644,0.296073,
		},
		{
		-0.0836812,1.05881,-0.109809,255,255,255,1.13086,-0.915222,-0.760882,-0.385156,-0.522219,-0.587121,0.0659436,0.806809,0.27631,-0.920492,0.276309,
		},
		{
		-0.0836812,1.05881,-0.109809,255,255,255,1.13086,-0.915222,-0.760882,-0.385156,-0.522219,-0.604585,0.713071,0.354974,-0.235659,-0.58582,0.775423,
		},
		{
		-0.0836812,1.05881,-0.109809,255,255,255,1.13086,-0.915222,-0.760882,-0.385156,-0.522219,-0.64869,0.43149,0.626911,0.0161264,-0.815764,0.57816,
		},
		{
		-0.0836812,1.05881,-0.109809,255,255,255,1.13086,-0.915222,-0.760882,-0.385156,-0.522219,-0.648729,0.433597,0.625415,0.0144497,-0.814646,0.579778,
		},
		{
		-0.0836812,1.05881,-0.109809,255,255,255,1.13086,-0.915222,-0.760882,-0.385156,-0.522219,-0.64552,0.367365,0.669587,0.0660507,-0.84658,0.528147,
		},
		{
		-0.0836812,1.05881,-0.109809,255,255,255,1.13086,-0.915222,-0.760882,-0.385156,-0.522219,-0.648679,0.430957,0.627289,0.0165499,-0.816046,0.577751,
		},
		{
		-0.0836812,1.05881,-0.109809,255,255,255,1.13086,-0.915222,-0.760882,-0.385156,-0.522219,-0.64437,0.35366,0.67802,0.0764558,-0.852396,0.517277,
		},
		{
		-0.0836812,1.05881,-0.109809,255,255,255,1.13086,-0.915222,-0.760882,-0.385156,-0.522219,-0.643442,0.343765,0.683965,0.0839125,-0.856434,0.509391,
		},
		{
		-0.0689891,0.999631,-0.0937504,255,255,255,1.12012,-0.869141,-0.493646,-0.377948,-0.783242,-0.775963,0.598077,0.20046,-0.392676,-0.706724,0.588513,
		},
		{
		-0.0689891,0.999631,-0.0937504,255,255,255,1.12012,-0.869141,-0.493646,-0.377948,-0.783242,-0.869178,0.24447,0.429841,-0.0290212,-0.892967,0.449186,
		},
		{
		-0.0689891,0.999631,-0.0937504,255,255,255,1.12012,-0.869141,-0.493646,-0.377948,-0.783242,-0.854628,0.377571,0.356443,-0.161012,-0.845337,0.509392,
		},
		{
		-0.0689891,0.999631,-0.0937504,255,255,255,1.12012,-0.869141,-0.493646,-0.377948,-0.783242,-0.863031,0.323914,0.387631,-0.107198,-0.867315,0.48608,
		},
		{
		-0.0755805,1.03589,-0.103707,255,255,255,1.125,-0.898499,-0.49331,-0.35808,-0.792732,-0.769878,0.60393,0.206291,-0.404886,-0.712073,0.573603,
		},
		{
		-0.0755805,1.03589,-0.103707,255,255,255,1.125,-0.898499,-0.49331,-0.35808,-0.792732,-0.76819,0.606882,0.203907,-0.40808,-0.709558,0.574454,
		},
		{
		-0.0755805,1.03589,-0.103707,255,255,255,1.125,-0.898499,-0.49331,-0.35808,-0.792732,-0.869849,0.205979,0.448258,-0.00277409,-0.910687,0.413087,
		},
		{
		-0.0755805,1.03589,-0.103707,255,255,255,1.125,-0.898499,-0.49331,-0.35808,-0.792732,-0.865669,0.291385,0.407078,-0.0852239,-0.887059,0.453722,
		},
		{
		-0.0755805,1.03589,-0.103707,255,255,255,1.125,-0.898499,-0.49331,-0.35808,-0.792732,-0.867792,0.265302,0.420181,-0.0598552,-0.895206,0.441615,
		},
		{
		-0.0755805,1.03589,-0.103707,255,255,255,1.125,-0.898499,-0.49331,-0.35808,-0.792732,-0.868915,0.245181,0.429969,-0.0403999,-0.900925,0.432091,
		},
		{
		0.0796631,1.0685,-0.121533,255,255,255,1.12695,-0.924866,0.245495,-0.163796,-0.95546,0.969276,0.0571282,0.239251,0.0153954,-0.984839,0.172788,
		},
		{
		0.0796631,1.0685,-0.121533,255,255,255,1.12695,-0.924866,0.245495,-0.163796,-0.95546,0.967501,0.103031,0.230926,0.0606175,-0.981099,0.183766,
		},
		{
		0.0796631,1.0685,-0.121533,255,255,255,1.12695,-0.924866,0.245495,-0.163796,-0.95546,0.959314,0.18284,0.215141,0.139457,-0.969402,0.202018,
		},
		{
		0.0796631,1.0685,-0.121533,255,255,255,1.12695,-0.924866,0.245495,-0.163796,-0.95546,0.968798,0.0761124,0.235874,0.0340871,-0.983554,0.17737,
		},
		{
		0.0796631,1.0685,-0.121533,255,255,255,1.12695,-0.924866,0.245495,-0.163796,-0.95546,0.93454,0.301918,0.188362,0.257618,-0.939157,0.227193,
		},
		{
		0.0796631,1.0685,-0.121533,255,255,255,1.12695,-0.924866,0.245495,-0.163796,-0.95546,0.941884,0.273459,0.195128,0.229318,-0.947835,0.221409,
		},
		{
		0.0796631,1.0685,-0.121533,255,255,255,1.12695,-0.924866,0.245495,-0.163796,-0.95546,0.940633,0.278569,0.19393,0.234396,-0.946346,0.222459,
		},
		{
		-0.0797509,1.03251,-0.0985027,255,255,255,1.13477,-0.891296,-0.71961,-0.337663,-0.60675,-0.632658,0.678972,0.372481,-0.286193,-0.651906,0.70222,
		},
		{
		-0.0797509,1.03251,-0.0985027,255,255,255,1.13477,-0.891296,-0.71961,-0.337663,-0.60675,-0.626042,0.693502,0.356548,-0.300389,-0.636427,0.710442,
		},
		{
		-0.0797509,1.03251,-0.0985027,255,255,255,1.13477,-0.891296,-0.71961,-0.337663,-0.60675,-0.691292,0.430678,0.5802,-0.0654017,-0.836959,0.543344,
		},
		{
		-0.0931991,1.07383,-0.0975135,255,255,255,1.15039,-0.919739,-0.85885,-0.344321,-0.379236,-0.508823,0.488268,0.709009,0.0589584,-0.801896,0.594547,
		},
		{
		-0.0931991,1.07383,-0.0975135,255,255,255,1.15039,-0.919739,-0.85885,-0.344321,-0.379236,-0.509142,0.492713,0.705697,0.0561323,-0.799173,0.598475,
		},
		{
		-0.0931991,1.07383,-0.0975135,255,255,255,1.15039,-0.919739,-0.85885,-0.344321,-0.379236,-0.511515,0.537486,0.670419,0.0270057,-0.769774,0.637745,
		},
		{
		-0.0931991,1.07383,-0.0975135,255,255,255,1.15039,-0.919739,-0.85885,-0.344321,-0.379236,-0.426261,0.0698863,0.901896,0.284039,-0.936247,0.206793,
		},
		{
		-0.110776,1.10642,-0.102705,255,255,255,1.16113,-0.943817,-0.748202,-0.0176399,-0.663237,-0.605996,0.425154,0.67232,-0.270118,-0.904949,0.32879,
		},
		{
		-0.110776,1.10642,-0.102705,255,255,255,1.16113,-0.943817,-0.748202,-0.0176399,-0.663237,-0.642862,0.266496,0.718129,-0.164082,-0.963675,0.210733,
		},
		{
		-0.110776,1.10642,-0.102705,255,255,255,1.16113,-0.943817,-0.748202,-0.0176399,-0.663237,-0.641377,0.275055,0.716226,-0.169792,-0.961267,0.21711,
		},
		{
